0001.1999-12-10.farmer	0	0	-44.4246395338	-42.6133675691
	
0001.1999-12-10.kaminski	0	0	-31.4525323463	-27.2608906925
	
0001.2000-01-17.beck	0	0	-3598.93601508	-3274.08261719
	
0001.2000-06-06.lokay	0	0	-3875.69484968	-3453.21202318
	
0001.2001-02-07.kitchen	0	0	-335.955246393	-296.184092556
	
0001.2001-04-02.williams	0	0	-1341.71658544	-1306.95150201
	
0002.1999-12-13.farmer	0	0	-2920.51286565	-2632.2112138
	
0002.2001-02-07.kitchen	0	0	-442.933629746	-429.812760681
	
0002.2001-05-25.SA_and_HP	1	1	-557.808326899	-603.814689192
	
0002.2003-12-18.GP	1	1	-1204.41779263	-1306.52252506
	
0002.2004-08-01.BG	1	1	-835.613745639	-859.399973728
	
0003.1999-12-10.kaminski	0	0	-434.3001976	-382.08786923
	
0003.1999-12-14.farmer	0	0	-95.1759934296	-77.2085331129
	
0003.2000-01-17.beck	0	0	-1379.90534272	-1201.88076884
	
0003.2001-02-08.kitchen	0	0	-1323.00006793	-1190.59038366
	
0003.2003-12-18.GP	1	1	-821.815748332	-852.63259889
	
0003.2004-08-01.BG	1	1	-737.808892461	-770.46845935
	
0004.1999-12-10.kaminski	0	0	-1160.27605174	-1056.47816799
	
0004.1999-12-14.farmer	0	0	-1112.76545273	-931.258646327
	
0004.2001-04-02.williams	0	0	-656.483733378	-621.575841011
	
0004.2001-06-12.SA_and_HP	1	1	-875.415234573	-938.920257196
	
0004.2004-08-01.BG	1	1	-710.704853821	-725.537944881
	
0005.1999-12-12.kaminski	0	0	-815.819945114	-722.81948727
	
0005.1999-12-14.farmer	0	0	-1125.63316613	-934.918950596
	
0005.2000-06-06.lokay	0	0	-403.459322244	-395.599011067
	
0005.2001-02-08.kitchen	0	0	-846.763217196	-789.866214499
	
0005.2001-06-23.SA_and_HP	1	1	-184.955796863	-190.508349336
	
0005.2003-12-18.GP	1	1	-7228.08345376	-7613.4949177
	
0006.1999-12-13.kaminski	0	0	-498.333505451	-475.940658304
	
0006.2001-02-08.kitchen	0	0	-10033.3593047	-9300.74092046
	
0006.2001-04-03.williams	0	0	-297.426675268	-296.371846045
	
0006.2001-06-25.SA_and_HP	1	1	-358.436559959	-373.939079634
	
0006.2003-12-18.GP	1	1	-1050.87907735	-1076.66030847
	
0006.2004-08-01.BG	1	1	-1004.79874958	-1019.97516331
	
0007.1999-12-13.kaminski	0	0	-1540.75216287	-1431.27677583
	
0007.1999-12-14.farmer	0	0	-721.798885309	-660.155784228
	
0007.2000-01-17.beck	0	0	-3311.28201626	-2682.72659103
	
0007.2001-02-09.kitchen	0	0	-1758.82790746	-1614.740056
	
0007.2003-12-18.GP	1	1	-1182.0591292	-1193.31926322
	
0007.2004-08-01.BG	1	1	-1424.87326688	-1624.21722096
	
0008.2001-02-09.kitchen	0	0	-4041.39405943	-3764.164598
	
0008.2001-06-12.SA_and_HP	1	1	-875.415234573	-938.920257196
	
0008.2001-06-25.SA_and_HP	1	1	-4065.91410697	-4535.99268784
	
0008.2003-12-18.GP	1	1	-965.834962179	-1054.46240989
	
0008.2004-08-01.BG	1	1	-5613.89299605	-5764.69626459
	
0009.1999-12-13.kaminski	0	0	-6498.34948589	-5279.29918531
	
0009.1999-12-14.farmer	0	0	-528.331485593	-469.267516855
	
0009.2000-06-07.lokay	0	0	-2898.47160692	-2600.74935366
	
0009.2001-02-09.kitchen	0	0	-5962.67028773	-5398.63665228
	
0009.2001-06-26.SA_and_HP	1	1	-1213.82407337	-1287.57793109
	
0009.2003-12-18.GP	1	1	-730.287374356	-743.059057538
	
0010.1999-12-14.farmer	0	0	-1335.01205928	-1151.57176856
	
0010.1999-12-14.kaminski	0	0	-216.279934529	-195.318686898
	
0010.2001-02-09.kitchen	0	0	-3224.38278915	-2885.25429414
	
0010.2001-06-28.SA_and_HP	1	1	-3328.41959324	-3611.09889522
	
0010.2003-12-18.GP	1	0	-51.1166240158	-50.5290144093
	
0010.2004-08-01.BG	1	1	-2207.53960892	-2411.87923347
	
0011.1999-12-14.farmer	0	0	-2024.40181266	-1857.15066786
	
0011.2001-06-28.SA_and_HP	1	1	-3320.70595751	-3601.47850028
	
0011.2001-06-29.SA_and_HP	1	1	-15328.6041861	-16862.4775688
	
0011.2003-12-18.GP	1	1	-492.070730016	-533.478831433
	
0011.2004-08-01.BG	1	1	-655.543123238	-674.45870802
	
0012.1999-12-14.farmer	0	0	-3334.55539174	-3008.34905659
	
0012.1999-12-14.kaminski	0	0	-1056.49008246	-843.793004476
	
0012.2000-01-17.beck	0	0	-3299.87664801	-2676.95882605
	
0012.2000-06-08.lokay	0	0	-894.996749295	-877.669050247
	
0012.2001-02-09.kitchen	0	0	-495.757674768	-466.407577555
	
0012.2003-12-19.GP	1	1	-150.399908053	-157.32533271
	
0013.1999-12-14.farmer	0	0	-1903.46049366	-1757.66232603
	
0013.1999-12-14.kaminski	0	0	-1371.29788831	-1125.76425684
	
0013.2001-04-03.williams	0	0	-654.372570574	-639.232189098
	
0013.2001-06-30.SA_and_HP	1	1	-27830.8551803	-30674.7645343
	
0013.2004-08-01.BG	1	1	-1452.70875593	-1497.31017192
	
0014.1999-12-14.kaminski	0	0	-1883.60941606	-1609.104483
	
0014.1999-12-15.farmer	0	0	-1145.06004633	-1037.00934848
	
0014.2001-02-12.kitchen	0	0	-1365.16800177	-1252.61972557
	
0014.2001-07-04.SA_and_HP	1	1	-3389.99785262	-3622.51356456
	
0014.2003-12-19.GP	1	1	-155.268988027	-160.070641024
	
0014.2004-08-01.BG	1	1	-750.181111736	-754.083771217
	
0015.1999-12-14.kaminski	0	0	-570.957453504	-524.335361347
	
0015.1999-12-15.farmer	0	0	-792.414608592	-697.05116527
	
0015.2000-06-09.lokay	0	0	-133.20172384	-127.5172819
	
0015.2001-02-12.kitchen	0	0	-5299.63224511	-4851.38060337
	
0015.2001-07-05.SA_and_HP	1	1	-873.81425206	-942.81172937
	
0015.2003-12-19.GP	1	1	-1242.48362208	-1328.4218216
	
0016.1999-12-15.farmer	0	0	-743.657299697	-690.008458145
	
0016.2001-02-12.kitchen	0	0	-1237.51929161	-1104.91783444
	
0016.2001-07-05.SA_and_HP	1	1	-873.81425206	-942.81172937
	
0016.2001-07-06.SA_and_HP	1	1	-16330.2677565	-18189.2056039
	
0016.2003-12-19.GP	1	1	-753.579285223	-761.725703514
	
0016.2004-08-01.BG	1	1	-652.008959038	-691.92261815
	
0017.1999-12-14.kaminski	0	0	-385.138107156	-372.492803602
	
0017.2000-01-17.beck	0	0	-3310.8861206	-2684.78746151
	
0017.2001-04-03.williams	0	0	-437.647386056	-427.120972636
	
0017.2003-12-18.GP	1	1	-201.116383702	-215.06295792
	
0017.2004-08-01.BG	1	0	-830.829440358	-802.159865931
	
0017.2004-08-02.BG	1	1	-2450.74560496	-2536.37060967
	
0018.1999-12-14.kaminski	0	0	-978.129008284	-976.182721277
	
0018.2001-07-13.SA_and_HP	1	1	-3220.28903922	-3388.4978328
	
0018.2003-12-18.GP	1	1	-3347.25255931	-3474.14074283
	
Number of documents	100
Number correct predictions	98
Error rate	2.0%
Number of zero probability spam	0
Number of zero probability ham	0
