0001.1999-12-10.farmer	0	0	-47.0967648537	-44.1641263353
	
0001.1999-12-10.kaminski	0	0	-32.1568250268	-29.7865635314
	
0001.2000-01-17.beck	0	0	-3784.54306591	-3423.10006564
	
0001.2000-06-06.lokay	0	0	-4047.51744388	-3618.24734311
	
0001.2001-02-07.kitchen	0	0	-350.817690605	-305.2043501
	
0001.2001-04-02.williams	0	0	-1412.26754407	-1366.13428355
	
0002.1999-12-13.farmer	0	0	-3090.29382218	-2744.5952497
	
0002.2001-02-07.kitchen	0	0	-463.594974563	-449.426584448
	
0002.2001-05-25.SA_and_HP	1	1	-586.481375372	-641.071289993
	
0002.2003-12-18.GP	1	1	-1275.74808679	-1394.09140817
	
0002.2004-08-01.BG	1	1	-860.309318645	-907.779546213
	
0003.1999-12-10.kaminski	0	0	-452.480037457	-397.681775938
	
0003.1999-12-14.farmer	0	0	-96.9367251309	-79.4991204292
	
0003.2000-01-17.beck	0	0	-1431.97752137	-1252.12604435
	
0003.2001-02-08.kitchen	0	0	-1391.7045537	-1236.58425002
	
0003.2003-12-18.GP	1	1	-852.797405917	-902.747827884
	
0003.2004-08-01.BG	1	1	-775.448304292	-827.25786936
	
0004.1999-12-10.kaminski	0	0	-1246.14794244	-1111.51748134
	
0004.1999-12-14.farmer	0	0	-1168.62092939	-963.821409667
	
0004.2001-04-02.williams	0	0	-691.095814721	-652.26626646
	
0004.2001-06-12.SA_and_HP	1	1	-898.638296377	-980.374078523
	
0004.2004-08-01.BG	1	1	-758.462183214	-795.951175579
	
0005.1999-12-12.kaminski	0	0	-871.501154523	-761.976719891
	
0005.1999-12-14.farmer	0	0	-1161.15369818	-987.019881023
	
0005.2000-06-06.lokay	0	0	-438.74760628	-418.195956223
	
0005.2001-02-08.kitchen	0	0	-902.491520253	-818.309950277
	
0005.2001-06-23.SA_and_HP	1	1	-190.569897723	-204.737506132
	
0005.2003-12-18.GP	1	1	-7527.28281116	-8158.43631133
	
0006.1999-12-13.kaminski	0	0	-526.208783221	-501.295549256
	
0006.2001-02-08.kitchen	0	0	-10503.7047843	-9733.28232897
	
0006.2001-04-03.williams	0	0	-319.021015755	-307.460195318
	
0006.2001-06-25.SA_and_HP	1	1	-378.24849244	-400.785327521
	
0006.2003-12-18.GP	1	1	-1110.81008345	-1171.90973681
	
0006.2004-08-01.BG	1	1	-1055.99629443	-1120.00529397
	
0007.1999-12-13.kaminski	0	0	-1611.81447068	-1485.35690358
	
0007.1999-12-14.farmer	0	0	-767.010586249	-688.742967009
	
0007.2000-01-17.beck	0	0	-3389.08655484	-2781.25223691
	
0007.2001-02-09.kitchen	0	0	-1844.94534103	-1685.56009002
	
0007.2003-12-18.GP	1	1	-1230.8040206	-1311.21508883
	
0007.2004-08-01.BG	1	1	-1485.84557758	-1708.50001155
	
0008.2001-02-09.kitchen	0	0	-4355.58185073	-3960.84744585
	
0008.2001-06-12.SA_and_HP	1	1	-898.638296377	-980.374078523
	
0008.2001-06-25.SA_and_HP	1	1	-4268.10514203	-4789.8072277
	
0008.2003-12-18.GP	1	1	-1022.15689464	-1121.09836679
	
0008.2004-08-01.BG	1	1	-5895.44853912	-6238.19619154
	
0009.1999-12-13.kaminski	0	0	-6707.58942217	-5469.44281612
	
0009.1999-12-14.farmer	0	0	-556.226457224	-493.593332154
	
0009.2000-06-07.lokay	0	0	-3047.74376411	-2710.0140083
	
0009.2001-02-09.kitchen	0	0	-6245.59455628	-5625.14988028
	
0009.2001-06-26.SA_and_HP	1	1	-1274.98336097	-1373.87816737
	
0009.2003-12-18.GP	1	1	-763.278172511	-827.327974657
	
0010.1999-12-14.farmer	0	0	-1439.70585541	-1209.42293549
	
0010.1999-12-14.kaminski	0	0	-229.41612272	-206.100618284
	
0010.2001-02-09.kitchen	0	0	-3385.39789974	-2990.79998109
	
0010.2001-06-28.SA_and_HP	1	1	-3428.36571258	-3787.7345306
	
0010.2003-12-18.GP	1	1	-54.763330202	-55.8923508456
	
0010.2004-08-01.BG	1	1	-2309.44971361	-2560.67421356
	
0011.1999-12-14.farmer	0	0	-2108.96418019	-1934.4615285
	
0011.2001-06-28.SA_and_HP	1	1	-3420.47600368	-3777.88507693
	
0011.2001-06-29.SA_and_HP	1	1	-15936.8411398	-17662.7574363
	
0011.2003-12-18.GP	1	1	-517.903783393	-567.896690216
	
0011.2004-08-01.BG	1	1	-678.856380744	-725.082640304
	
0012.1999-12-14.farmer	0	0	-3487.3990422	-3144.03871199
	
0012.1999-12-14.kaminski	0	0	-1097.21577387	-874.95156656
	
0012.2000-01-17.beck	0	0	-3376.30114061	-2771.55411122
	
0012.2000-06-08.lokay	0	0	-945.071018446	-922.095641393
	
0012.2001-02-09.kitchen	0	0	-523.187539883	-488.020238654
	
0012.2003-12-19.GP	1	1	-153.515906347	-167.28178575
	
0013.1999-12-14.farmer	0	0	-1990.46319674	-1827.70747944
	
0013.1999-12-14.kaminski	0	0	-1417.19982624	-1162.28241763
	
0013.2001-04-03.williams	0	0	-692.58654948	-666.766300704
	
0013.2001-06-30.SA_and_HP	1	1	-28818.1834223	-32105.395138
	
0013.2004-08-01.BG	1	1	-1523.92560529	-1608.25433219
	
0014.1999-12-14.kaminski	0	0	-1948.7083063	-1674.71031788
	
0014.1999-12-15.farmer	0	0	-1205.03360548	-1063.91603939
	
0014.2001-02-12.kitchen	0	0	-1459.48959972	-1314.36869835
	
0014.2001-07-04.SA_and_HP	1	1	-3521.66360197	-3825.28774743
	
0014.2003-12-19.GP	1	1	-161.897718352	-172.075311239
	
0014.2004-08-01.BG	1	1	-793.790634907	-832.114748166
	
0015.1999-12-14.kaminski	0	0	-611.024330559	-562.914386012
	
0015.1999-12-15.farmer	0	0	-829.321220396	-708.060651605
	
0015.2000-06-09.lokay	0	0	-139.255164273	-133.122160769
	
0015.2001-02-12.kitchen	0	0	-5533.12840267	-5066.19922424
	
0015.2001-07-05.SA_and_HP	1	1	-901.18549421	-976.602830006
	
0015.2003-12-19.GP	1	1	-1291.85729404	-1414.80501106
	
0016.1999-12-15.farmer	0	0	-773.861025158	-718.206677688
	
0016.2001-02-12.kitchen	0	0	-1306.74507495	-1149.69547048
	
0016.2001-07-05.SA_and_HP	1	1	-901.18549421	-976.602830006
	
0016.2001-07-06.SA_and_HP	1	1	-16874.9721961	-18993.1524539
	
0016.2003-12-19.GP	1	1	-783.725826749	-849.343109854
	
0016.2004-08-01.BG	1	1	-667.666866804	-732.269630841
	
0017.1999-12-14.kaminski	0	0	-400.837238333	-387.900526561
	
0017.2000-01-17.beck	0	0	-3386.38807409	-2781.80903
	
0017.2001-04-03.williams	0	0	-459.413591548	-445.240552183
	
0017.2003-12-18.GP	1	1	-214.07019392	-227.98088976
	
0017.2004-08-01.BG	1	1	-879.800880196	-925.94548567
	
0017.2004-08-02.BG	1	1	-2545.28217482	-2693.26901495
	
0018.1999-12-14.kaminski	0	0	-1031.2817748	-1015.62141875
	
0018.2001-07-13.SA_and_HP	1	1	-3344.6117835	-3583.29867674
	
0018.2003-12-18.GP	1	1	-3468.28133977	-3690.76140533
	
Number of documents	100
Number correct predictions	100
Error rate	0.0%
Number of zero probability spam	0
Number of zero probability ham	0
