0001.1999-12-10.farmer	0	0	-inf	-45.2019719279
	
0001.1999-12-10.kaminski	0	0	-inf	-29.2849813805
	
0001.2000-01-17.beck	0	0	-inf	-3341.07734449
	
0001.2000-06-06.lokay	0	0	-inf	-3526.27365625
	
0001.2001-02-07.kitchen	0	0	-inf	-296.797357693
	
0001.2001-04-02.williams	0	0	-inf	-1334.94836616
	
0002.1999-12-13.farmer	0	0	-inf	-2684.57965069
	
0002.2001-02-07.kitchen	0	0	-inf	-441.700059468
	
0002.2001-05-25.SA_and_HP	1	1	-580.752342135	-inf
	
0002.2003-12-18.GP	1	1	-1270.96002363	-inf
	
0002.2004-08-01.BG	1	1	-842.706686045	-inf
	
0003.1999-12-10.kaminski	0	0	-inf	-386.040537252
	
0003.1999-12-14.farmer	0	0	-inf	-78.1525472541
	
0003.2000-01-17.beck	0	0	-inf	-1207.57867782
	
0003.2001-02-08.kitchen	0	0	-inf	-1206.78050735
	
0003.2003-12-18.GP	1	1	-850.351820212	-inf
	
0003.2004-08-01.BG	1	1	-777.647833504	-inf
	
0004.1999-12-10.kaminski	0	0	-inf	-1090.31728583
	
0004.1999-12-14.farmer	0	0	-inf	-937.767808717
	
0004.2001-04-02.williams	0	0	-inf	-638.140105253
	
0004.2001-06-12.SA_and_HP	1	1	-877.744434824	-inf
	
0004.2004-08-01.BG	1	1	-763.16536524	-inf
	
0005.1999-12-12.kaminski	0	0	-inf	-756.536216694
	
0005.1999-12-14.farmer	0	0	-inf	-961.752679429
	
0005.2000-06-06.lokay	0	0	-inf	-413.005685986
	
0005.2001-02-08.kitchen	0	0	-inf	-809.806583626
	
0005.2001-06-23.SA_and_HP	1	1	-189.504203084	-inf
	
0005.2003-12-18.GP	1	1	-7502.2104439	-inf
	
0006.1999-12-13.kaminski	0	0	-inf	-489.864863083
	
0006.2001-02-08.kitchen	0	0	-inf	-9478.89322537
	
0006.2001-04-03.williams	0	0	-inf	-299.745378771
	
0006.2001-06-25.SA_and_HP	1	1	-378.538145234	-inf
	
0006.2003-12-18.GP	1	1	-1121.77557819	-inf
	
0006.2004-08-01.BG	1	1	-1057.01340015	-inf
	
0007.1999-12-13.kaminski	0	0	-inf	-1435.59215342
	
0007.1999-12-14.farmer	0	0	-inf	-673.184638
	
0007.2000-01-17.beck	0	0	-inf	-2673.86834499
	
0007.2001-02-09.kitchen	0	0	-inf	-1641.988845
	
0007.2003-12-18.GP	1	1	-1235.46126107	-inf
	
0007.2004-08-01.BG	1	1	-1476.86533987	-inf
	
0008.2001-02-09.kitchen	0	0	-inf	-3926.08510092
	
0008.2001-06-12.SA_and_HP	1	1	-877.744434824	-inf
	
0008.2001-06-25.SA_and_HP	1	1	-4209.75767596	-inf
	
0008.2003-12-18.GP	1	1	-1009.088985	-inf
	
0008.2004-08-01.BG	1	1	-5865.65355516	-inf
	
0009.1999-12-13.kaminski	0	0	-inf	-5293.2595765
	
0009.1999-12-14.farmer	0	0	-inf	-485.699382447
	
0009.2000-06-07.lokay	0	0	-inf	-2656.29063253
	
0009.2001-02-09.kitchen	0	0	-inf	-5457.87561374
	
0009.2001-06-26.SA_and_HP	1	1	-1267.35433795	-inf
	
0009.2003-12-18.GP	1	1	-763.745091736	-inf
	
0010.1999-12-14.farmer	0	0	-inf	-1198.57702454
	
0010.1999-12-14.kaminski	0	0	-inf	-200.984121648
	
0010.2001-02-09.kitchen	0	0	-inf	-2892.57331923
	
0010.2001-06-28.SA_and_HP	1	1	-3348.75384853	-inf
	
0010.2003-12-18.GP	1	1	-55.8442713705	-inf
	
0010.2004-08-01.BG	1	1	-2303.71369393	-inf
	
0011.1999-12-14.farmer	0	0	-inf	-1875.44958791
	
0011.2001-06-28.SA_and_HP	1	1	-3341.01754143	-inf
	
0011.2001-06-29.SA_and_HP	1	1	-15600.6121395	-inf
	
0011.2003-12-18.GP	1	1	-517.764477667	-inf
	
0011.2004-08-01.BG	1	1	-676.375627758	-inf
	
0012.1999-12-14.farmer	0	0	-inf	-3038.81695313
	
0012.1999-12-14.kaminski	0	0	-inf	-845.566647111
	
0012.2000-01-17.beck	0	0	-inf	-2662.78634996
	
0012.2000-06-08.lokay	0	0	-inf	-902.72251937
	
0012.2001-02-09.kitchen	0	0	-inf	-476.959634923
	
0012.2003-12-19.GP	1	1	-152.639505279	-inf
	
0013.1999-12-14.farmer	0	0	-inf	-1758.00775455
	
0013.1999-12-14.kaminski	0	0	-inf	-1110.1370811
	
0013.2001-04-03.williams	0	0	-inf	-652.272744204
	
0013.2001-06-30.SA_and_HP	1	1	-28156.9160283	-inf
	
0013.2004-08-01.BG	1	1	-1516.32253593	-inf
	
0014.1999-12-14.kaminski	0	0	-inf	-1607.44102281
	
0014.1999-12-15.farmer	0	0	-inf	-1041.30984083
	
0014.2001-02-12.kitchen	0	0	-inf	-1298.85050698
	
0014.2001-07-04.SA_and_HP	1	1	-3468.40219103	-inf
	
0014.2003-12-19.GP	1	1	-161.514030242	-inf
	
0014.2004-08-01.BG	1	1	-802.301046553	-inf
	
0015.1999-12-14.kaminski	0	0	-inf	-556.269139442
	
0015.1999-12-15.farmer	0	0	-inf	-692.971449424
	
0015.2000-06-09.lokay	0	0	-inf	-130.104970739
	
0015.2001-02-12.kitchen	0	0	-inf	-4914.44540446
	
0015.2001-07-05.SA_and_HP	1	1	-881.529546857	-inf
	
0015.2003-12-19.GP	1	1	-1279.61107549	-inf
	
0016.1999-12-15.farmer	0	0	-inf	-699.497159428
	
0016.2001-02-12.kitchen	0	0	-inf	-1130.27656541
	
0016.2001-07-05.SA_and_HP	1	1	-881.529546857	-inf
	
0016.2001-07-06.SA_and_HP	1	1	-16461.8225957	-inf
	
0016.2003-12-19.GP	1	1	-785.179398318	-inf
	
0016.2004-08-01.BG	1	1	-656.976626935	-inf
	
0017.1999-12-14.kaminski	0	0	-inf	-377.984890278
	
0017.2000-01-17.beck	0	0	-inf	-2673.88686123
	
0017.2001-04-03.williams	0	0	-inf	-433.805569602
	
0017.2003-12-18.GP	1	1	-211.328720909	-inf
	
0017.2004-08-01.BG	1	1	-912.600138165	-inf
	
0017.2004-08-02.BG	1	1	-2525.09437491	-inf
	
0018.1999-12-14.kaminski	0	0	-inf	-983.657214938
	
0018.2001-07-13.SA_and_HP	1	1	-3280.39985565	-inf
	
0018.2003-12-18.GP	1	1	-3420.20848394	-inf
	
Number of documents	100
Number correct predictions	100
Error rate	0.0%
Number of zero probability spam	2927
Number of zero probability ham	3993
