0001.1999-12-10.farmer	0	1	0.297532503765	-0.571137978868
0001.1999-12-10.kaminski	0	0	0.113204382744	1.26385376709
0001.2000-01-17.beck	0	1	169.543130008	90.3123970245
0001.2000-06-06.lokay	0	1	78.6474462189	63.7759129326
0001.2001-02-07.kitchen	0	0	-4.91174394799	19.3581092075
0001.2001-04-02.williams	0	1	92.726947742	25.1973485387
0002.1999-12-13.farmer	0	1	165.42887908	79.7887273931
0002.2001-02-07.kitchen	0	1	34.6821001409	9.45843412656
0002.2001-05-25.SA_and_HP	1	0	16.5257848821	44.2580237651
0002.2003-12-18.GP	1	0	37.2185783664	113.654013859
0002.2004-08-01.BG	1	0	10.3592327894	40.7088088645
0003.1999-12-10.kaminski	0	0	9.59451403488	15.0385098979
0003.1999-12-14.farmer	0	0	-2.07230198359	2.34613600894
0003.2000-01-17.beck	0	0	5.75351190859	45.4936466099
0003.2001-02-08.kitchen	0	0	47.0267714899	51.0442098234
0003.2003-12-18.GP	1	0	12.2227879211	101.829090429
0003.2004-08-01.BG	1	0	21.9298587399	83.8623563784
0004.1999-12-10.kaminski	0	1	98.7061887109	46.2287321398
0004.1999-12-14.farmer	0	1	99.2673762463	39.2164434206
0004.2001-04-02.williams	0	1	36.65069642	9.1700734168
0004.2001-06-12.SA_and_HP	1	1	10.7143395783	6.61237069189
0004.2004-08-01.BG	1	0	19.6981437006	117.314735017
0005.1999-12-12.kaminski	0	1	97.8844924209	40.0404516599
0005.1999-12-14.farmer	0	1	106.527053548	37.8525143758
0005.2000-06-06.lokay	0	1	65.4359799298	15.8765185879
0005.2001-02-08.kitchen	0	1	75.4056901527	37.7551075561
0005.2001-06-23.SA_and_HP	1	0	5.6753860237	17.1698143565
0005.2003-12-18.GP	1	0	137.811243519	585.083911502
0006.1999-12-13.kaminski	0	1	50.7969164759	12.3965191484
0006.2001-02-08.kitchen	0	1	307.973749747	208.350287573
0006.2001-04-03.williams	0	1	11.7418063795	5.57659693223
0006.2001-06-25.SA_and_HP	1	0	5.20677238256	40.7937492924
0006.2003-12-18.GP	1	0	29.6832752731	182.588412962
0006.2004-08-01.BG	1	0	29.4840365512	157.852748864
0007.1999-12-13.kaminski	0	1	42.3755000153	33.7484693414
0007.1999-12-14.farmer	0	1	50.9493678142	23.4689365187
0007.2000-01-17.beck	0	0	47.5855932808	111.094114624
0007.2001-02-09.kitchen	0	0	54.995572522	59.4856341625
0007.2003-12-18.GP	1	0	41.3509348976	186.887074418
0007.2004-08-01.BG	1	0	35.8950959698	43.467413026
0008.2001-02-09.kitchen	0	1	430.726316948	178.002114771
0008.2001-06-12.SA_and_HP	1	1	10.7143395783	6.61237069189
0008.2001-06-25.SA_and_HP	1	0	98.922134771	257.145056232
0008.2003-12-18.GP	1	0	23.8256885389	95.580787103
0008.2004-08-01.BG	1	0	131.756705533	623.022493083
0009.1999-12-13.kaminski	0	1	183.403687485	94.0853817714
0009.1999-12-14.farmer	0	0	21.073378802	21.4805197694
0009.2000-06-07.lokay	0	1	251.47919903	99.6050244508
0009.2001-02-09.kitchen	0	1	227.173434171	179.30953168
0009.2001-06-26.SA_and_HP	1	0	27.6897226804	62.5655944063
0009.2003-12-18.GP	1	0	30.0655672894	140.522387476
0010.1999-12-14.farmer	0	1	161.833021639	67.7139701548
0010.1999-12-14.kaminski	0	1	31.0324401212	8.70325452445
0010.2001-02-09.kitchen	0	0	87.6663748619	125.937308163
0010.2001-06-28.SA_and_HP	1	0	83.7510988471	151.941822639
0010.2003-12-18.GP	1	0	-0.221599978731	4.55392953763
0010.2004-08-01.BG	1	0	59.7584814285	239.214923046
0011.1999-12-14.farmer	0	1	92.4765549144	39.585889989
0011.2001-06-28.SA_and_HP	1	0	83.7510988471	153.200283629
0011.2001-06-29.SA_and_HP	1	0	220.064909029	665.257365372
0011.2003-12-18.GP	1	0	13.4121267629	47.8279173387
0011.2004-08-01.BG	1	0	19.5098627549	84.053123125
0012.1999-12-14.farmer	0	1	107.203682004	93.0891529747
0012.1999-12-14.kaminski	0	1	46.178880566	30.5004059974
0012.2000-01-17.beck	0	0	46.2421400274	108.777823764
0012.2000-06-08.lokay	0	1	75.7390979568	10.2661818667
0012.2001-02-09.kitchen	0	1	59.0918553883	17.1457916736
0012.2003-12-19.GP	1	0	4.87333548434	5.13822370551
0013.1999-12-14.farmer	0	0	28.4002562305	52.5157394552
0013.1999-12-14.kaminski	0	0	-1.03073769879	27.4159126062
0013.2001-04-03.williams	0	1	39.639722119	17.610258053
0013.2001-06-30.SA_and_HP	1	0	322.877334058	1044.3520427
0013.2004-08-01.BG	1	0	32.3048485856	191.594256457
0014.1999-12-14.kaminski	0	1	36.9279275257	31.3543863222
0014.1999-12-15.farmer	0	1	78.3484054723	43.3916795249
0014.2001-02-12.kitchen	0	1	129.50701609	57.273420867
0014.2001-07-04.SA_and_HP	1	0	57.7653477792	221.253191977
0014.2003-12-19.GP	1	0	1.81604296129	17.8072416793
0014.2004-08-01.BG	1	0	22.0092608235	128.520067529
0015.1999-12-14.kaminski	0	1	91.1204787477	26.4427598743
0015.1999-12-15.farmer	0	1	53.2390816336	32.4748017609
0015.2000-06-09.lokay	0	1	10.5070993788	3.93904848208
0015.2001-02-12.kitchen	0	1	132.372830787	113.198894713
0015.2001-07-05.SA_and_HP	1	0	15.9430498783	37.2048613213
0015.2003-12-19.GP	1	0	29.5753973753	79.4416866245
0016.1999-12-15.farmer	0	0	10.0119706608	16.0099517356
0016.2001-02-12.kitchen	0	1	69.4278523761	47.2516610756
0016.2001-07-05.SA_and_HP	1	0	15.9430498783	37.2048613213
0016.2001-07-06.SA_and_HP	1	0	229.412500429	479.196989984
0016.2003-12-19.GP	1	0	29.8880719352	180.17019242
0016.2004-08-01.BG	1	0	11.5576599416	19.8304146801
0017.1999-12-14.kaminski	0	1	32.0050389938	4.46252349026
0017.2000-01-17.beck	0	0	59.9254726255	109.646427869
0017.2001-04-03.williams	0	1	18.9905947629	8.86356505632
0017.2003-12-18.GP	1	0	4.69023903519	20.7354713243
0017.2004-08-01.BG	1	0	45.8804043982	320.673290761
0017.2004-08-02.BG	1	0	36.2615688518	179.747118823
0018.1999-12-14.kaminski	0	1	50.4509964836	12.1283207572
0018.2001-07-13.SA_and_HP	1	0	52.2970813731	169.461804351
0018.2003-12-18.GP	1	0	51.7296513995	266.331989139
	
	
Number of documents: 100.0	
Number correct predictions: 17.0	
Accuracy: 0.17	
