60370,NA
47650,NA
91948,NA
24865,NA
3711,NA
92717,NA
80879,NA
82312,NA
85104,NA
29504,NA
88497,NA
18740,NA
99606,NA
48658,NA
41978,NA
44178,NA
33386,NA
94985,NA
94375,NA
44128,NA
36314,NA
36425,NA
84634,NA
23000,NA
23954,NA
10740,NA
58241,NA
44758,NA
69907,NA
88230,NA
4866,NA
85036,NA
56736,NA
43288,NA
53039,NA
82060,NA
45217,NA
80357,NA
3397,NA
74199,NA
97197,NA
21040,NA
95115,NA
12683,NA
30630,NA
53148,NA
99376,NA
48763,NA
51903,NA
43284,NA
60615,NA
16585,NA
38913,NA
93123,NA
26406,NA
64008,NA
98857,NA
20862,NA
56716,NA
64234,NA
3048,NA
86511,NA
13636,NA
8011,NA
61111,NA
19820,NA
47443,NA
19980,NA
91305,NA
9256,NA
91116,NA
14215,NA
66774,NA
16073,NA
44510,NA
5397,NA
10778,NA
20975,NA
69272,NA
45676,NA
84453,NA
83456,NA
81640,NA
16541,NA
96866,NA
38430,NA
94971,NA
39298,NA
85502,NA
74602,NA
8906,NA
15671,NA
55387,NA
15779,NA
51675,NA
64536,NA
32230,NA
7798,NA
16718,NA
44903,NA
19321,NA
35066,NA
53298,NA
82010,NA
82295,NA
49334,NA
29428,NA
58425,NA
23808,NA
93069,NA
89101,NA
35639,NA
79797,NA
20424,NA
82185,NA
63869,NA
34748,NA
98710,NA
80824,NA
36981,NA
45524,NA
26346,NA
74342,NA
94956,NA
94457,NA
14970,NA
1351,NA
36448,NA
64239,NA
65887,NA
82792,NA
15443,NA
33886,NA
65899,NA
94737,NA
71418,NA
34708,NA
86941,NA
99948,NA
32959,NA
25021,NA
23022,NA
31289,NA
6206,NA
78152,NA
94845,NA
2286,NA
57696,NA
63589,NA
13080,NA
76754,NA
31357,NA
52896,NA
63189,NA
73552,NA
78697,NA
7029,NA
34886,NA
22750,NA
49246,NA
1138,NA
74463,NA
63852,NA
3588,NA
43365,NA
69137,NA
92306,NA
59661,NA
61549,NA
25712,NA
28132,NA
49088,NA
31563,NA
53983,NA
78066,NA
54916,NA
38425,NA
13361,NA
19977,NA
39222,NA
35703,NA
20182,NA
16972,NA
62008,NA
44218,NA
93716,NA
30607,NA
86466,NA
63501,NA
87425,NA
30741,NA
63542,NA
12590,NA
35914,NA
51547,NA
99568,NA
17676,NA
20111,NA
10602,NA
583,NA
35923,NA
83378,NA
70674,NA
63425,NA
51611,NA
57145,NA
25661,NA
74063,NA
47791,NA
27572,NA
87292,NA
50950,NA
6731,NA
87279,NA
99975,NA
96989,NA
85881,NA
15290,NA
90614,NA
84546,NA
31955,NA
39559,NA
77447,NA
53672,NA
1681,NA
69666,NA
73962,NA
77058,NA
12637,NA
4211,NA
68542,NA
31780,NA
36335,NA
92461,NA
1840,NA
31136,NA
87855,NA
65669,NA
95623,NA
86598,NA
79848,NA
61709,NA
87527,NA
95872,NA
84946,NA
76036,NA
13253,NA
92567,NA
70989,NA
1094,NA
73948,NA
80340,NA
37423,NA
94983,NA
37117,NA
25762,NA
79110,NA
28028,NA
29575,NA
27383,NA
75375,NA
15792,NA
65059,NA
15600,NA
39094,NA
80599,NA
52279,NA
28663,NA
31420,NA
97181,NA
11237,NA
403,NA
25253,NA
7285,NA
14970,NA
73289,NA
17952,NA
93408,NA
58378,NA
79476,NA
73690,NA
83029,NA
64515,NA
79303,NA
44370,NA
66158,NA
43115,NA
51407,NA
62343,NA
8913,NA
79921,NA
6063,NA
54866,NA
98121,NA
42481,NA
16788,NA
96482,NA
72682,NA
67913,NA
14940,NA
78544,NA
71158,NA
20523,NA
85535,NA
59014,NA
52562,NA
87812,NA
43185,NA
23688,NA
57415,NA
65159,NA
20079,NA
59849,NA
24067,NA
98126,NA
99913,NA
53098,NA
64499,NA
30320,NA
70887,NA
26702,NA
24933,NA
39907,NA
21756,NA
24931,NA
57283,NA
81596,NA
22086,NA
34789,NA
86960,NA
64095,NA
72167,NA
49068,NA
99986,NA
15796,NA
58805,NA
78061,NA
16045,NA
90717,NA
5939,NA
87942,NA
2002,NA
14653,NA
83509,NA
67768,NA
44295,NA
93097,NA
57182,NA
65367,NA
6723,NA
69905,NA
73008,NA
63110,NA
65992,NA
20983,NA
11279,NA
20939,NA
75870,NA
85791,NA
46312,NA
7760,NA
88832,NA
47069,NA
68566,NA
9057,NA
26185,NA
25996,NA
85454,NA
35460,NA
69312,NA
32775,NA
54689,NA
35190,NA
91686,NA
10516,NA
27088,NA
38812,NA
98388,NA
86160,NA
248,NA
3789,NA
94023,NA
42057,NA
29929,NA
8081,NA
78429,NA
66919,NA
22336,NA
42510,NA
2514,NA
57679,NA
36488,NA
36639,NA
25607,NA
57467,NA
67155,NA
28288,NA
4247,NA
64205,NA
7683,NA
1471,NA
31350,NA
67960,NA
23228,NA
55862,NA
2293,NA
44215,NA
90630,NA
29121,NA
38237,NA
47908,NA
23852,NA
51657,NA
83711,NA
99810,NA
14589,NA
83760,NA
75373,NA
35650,NA
41590,NA
56547,NA
82908,NA
11580,NA
9848,NA
35030,NA
17280,NA
28051,NA
16004,NA
16234,NA
21809,NA
85608,NA
83761,NA
69759,NA
78064,NA
2181,NA
1585,NA
38826,NA
6866,NA
27815,NA
91453,NA
46062,NA
47201,NA
19459,NA
51807,NA
49966,NA
65955,NA
65011,NA
99072,NA
39240,NA
68195,NA
20953,NA
29639,NA
93517,NA
44154,NA
88147,NA
73855,NA
28399,NA
61360,NA
41293,NA
42137,NA
53775,NA
40884,NA
34767,NA
12982,NA
71681,NA
74887,NA
94921,NA
61554,NA
57718,NA
59821,NA
30190,NA
97443,NA
99717,NA
41614,NA
57443,NA
83588,NA
31234,NA
60376,NA
55933,NA
28764,NA
41268,NA
32691,NA
31659,NA
93810,NA
14775,NA
98760,NA
30349,NA
65213,NA
45210,NA
1797,NA
93092,NA
12417,NA
61328,NA
40613,NA
30702,NA
33277,NA
84147,NA
77517,NA
177,NA
50409,NA
70934,NA
81499,NA
97030,NA
77317,NA
15916,NA
72472,NA
48556,NA
76989,NA
70951,NA
81751,NA
65467,NA
9701,NA
5382,NA
23826,NA
5840,NA
67493,NA
2704,NA
98654,NA
91258,NA
55208,NA
50352,NA
92967,NA
48045,NA
32039,NA
18039,NA
81585,NA
17329,NA
21521,NA
47591,NA
38672,NA
31954,NA
29613,NA
58943,NA
6161,NA
96129,NA
8732,NA
45940,NA
15009,NA
39795,NA
39876,NA
34634,NA
67485,NA
49851,NA
37392,NA
73471,NA
29457,NA
24579,NA
47041,NA
56469,NA
94047,NA
64197,NA
61915,NA
2058,NA
73169,NA
92621,NA
169,NA
51026,NA
50770,NA
23143,NA
21089,NA
24235,NA
92255,NA
64690,NA
17113,NA
96539,NA
85149,NA
37566,NA
5855,NA
13246,NA
75456,NA
18508,NA
25806,NA
26518,NA
13404,NA
90440,NA
24847,NA
80430,NA
25022,NA
24217,NA
40883,NA
74837,NA
75524,NA
78846,NA
2242,NA
2781,NA
20405,NA
8150,NA
78739,NA
77428,NA
64677,NA
7278,NA
77525,NA
59311,NA
73927,NA
93117,NA
48737,NA
11862,NA
63627,NA
82027,NA
12892,NA
64959,NA
35690,NA
5848,NA
32849,NA
99443,NA
12410,NA
89677,NA
58447,NA
82124,NA
16949,NA
1593,NA
34022,NA
22218,NA
20787,NA
27865,NA
28182,NA
59440,NA
49657,NA
65176,NA
43697,NA
98322,NA
40492,NA
65662,NA
60560,NA
41186,NA
91209,NA
33922,NA
45325,NA
36526,NA
68016,NA
38451,NA
76400,NA
72376,NA
57282,NA
10985,NA
85231,NA
49047,NA
70224,NA
58117,NA
52909,NA
53243,NA
31713,NA
73169,NA
82576,NA
20729,NA
40990,NA
6201,NA
9081,NA
34923,NA
18186,NA
54218,NA
43437,NA
77234,NA
4634,NA
89965,NA
58969,NA
20321,NA
66367,NA
40502,NA
2452,NA
1112,NA
31013,NA
65182,NA
36255,NA
56802,NA
19696,NA
99911,NA
91401,NA
71919,NA
81893,NA
72354,NA
94909,NA
72724,NA
95918,NA
57909,NA
50206,NA
4498,NA
32783,NA
71607,NA
82038,NA
11872,NA
43359,NA
80151,NA
62862,NA
74740,NA
55238,NA
35542,NA
32169,NA
2318,NA
37486,NA
16110,NA
58780,NA
76483,NA
75791,NA
5225,NA
7905,NA
86763,NA
56890,NA
44499,NA
31427,NA
41678,NA
57707,NA
11764,NA
51040,NA
19156,NA
93956,NA
20231,NA
87802,NA
91846,NA
35162,NA
50186,NA
55286,NA
96093,NA
31699,NA
31516,NA
95097,NA
57835,NA
77066,NA
19104,NA
40395,NA
57758,NA
55438,NA
14164,NA
78831,NA
57644,NA
54994,NA
50800,NA
672,NA
99574,NA
79398,NA
52295,NA
38366,NA
80069,NA
69598,NA
55666,NA
70606,NA
70552,NA
65228,NA
80522,NA
27321,NA
21889,NA
79135,NA
18888,NA
1940,NA
41516,NA
91359,NA
98117,NA
82505,NA
33097,NA
76725,NA
89216,NA
58566,NA
8360,NA
17310,NA
49976,NA
75687,NA
60070,NA
78572,NA
32871,NA
21835,NA
2230,NA
4518,NA
52636,NA
64092,NA
83669,NA
70807,NA
27138,NA
79796,NA
5313,NA
43260,NA
84946,NA
97484,NA
69779,NA
42443,NA
34882,NA
62996,NA
50679,NA
95186,NA
64104,NA
99685,NA
57058,NA
75231,NA
22573,NA
32629,NA
60445,NA
81124,NA
89481,NA
72292,NA
76666,NA
90400,NA
12730,NA
61745,NA
42764,NA
51144,NA
61139,NA
84414,NA
66984,NA
25376,NA
46676,NA
81682,NA
96205,NA
19625,NA
69464,NA
2045,NA
91229,NA
48245,NA
98948,NA
32304,NA
47206,NA
17312,NA
95600,NA
47650,NA
29598,NA
89041,NA
88264,NA
32394,NA
20391,NA
93812,NA
16988,NA
38447,NA
3035,NA
29788,NA
55150,NA
26270,NA
81416,NA
99946,NA
84387,NA
85983,NA
78253,NA
66448,NA
93742,NA
97904,NA
84689,NA
5861,NA
65740,NA
19710,NA
61196,NA
6407,NA
49299,NA
53519,NA
69504,NA
95724,NA
73390,NA
54256,NA
46566,NA
11041,NA
39176,NA
1235,NA
44562,NA
20653,NA
46220,NA
88047,NA
58325,NA
4734,NA
92999,NA
7564,NA
9018,NA
3902,NA
45690,NA
79036,NA
63135,NA
65575,NA
29577,NA
19526,NA
29569,NA
3526,NA
12805,NA
32563,NA
87862,NA
1699,NA
95599,NA
22161,NA
93237,NA
29288,NA
38802,NA
39876,NA
28216,NA
15772,NA
37859,NA
65633,NA
9201,NA
25454,NA
93428,NA
72601,NA
65098,NA
3344,NA
61578,NA
41739,NA
86439,NA
35763,NA
74514,NA
74003,NA
10222,NA
34009,NA
84947,NA
5106,NA
71165,NA
912,NA
3508,NA
19945,NA
95648,NA
13658,NA
15535,NA
85099,NA
50054,NA
7309,NA
34099,NA
69640,NA
88804,NA
70071,NA
15898,NA
84519,NA
61233,NA
26227,NA
79160,NA
62710,NA
53483,NA
26941,NA
98564,NA
36236,NA
86830,NA
52116,NA
10009,NA
44097,NA
83882,NA
63614,NA
36251,NA
83545,NA
28622,NA
47663,NA
57505,NA
52485,NA
29148,NA
45394,NA
18373,NA
29535,NA
60732,NA
1470,NA
64799,NA
39834,NA
4841,NA
35971,NA
53662,NA
78100,NA
95067,NA
88572,NA
46579,NA
54193,NA
24268,NA
88185,NA
40590,NA
62028,NA
63320,NA
54263,NA
76223,NA
69353,NA
95027,NA
99858,NA
86624,NA
81231,NA
60059,NA
9840,NA
93146,NA
40052,NA
57064,NA
63838,NA
6622,NA
30067,NA
51353,NA
83463,NA
17894,NA
7666,NA
36932,NA
27410,NA
19506,NA
81505,NA
50466,NA
72710,NA
52999,NA
58738,NA
7677,NA
11557,NA
89347,NA
32028,NA
5171,NA
80778,NA
2717,NA
46876,NA
3659,NA
26396,NA
39397,NA
75390,NA
58338,NA
85694,NA
15504,NA
49343,NA
33524,NA
92623,NA
43280,NA
53279,NA
46047,NA
93227,NA
84038,NA
50919,NA
57411,NA
83909,NA
97881,NA
36694,NA
29024,NA
91288,NA
55184,NA
92454,NA
96532,NA
57109,NA
20856,NA
76373,NA
93863,NA
74708,NA
3027,NA
84002,NA
39906,NA
33010,NA
58861,NA
94210,NA
87417,NA
83162,NA
43746,NA
7247,NA
60172,NA
21959,NA
84101,NA
47467,NA
64709,NA
96833,NA
37254,NA
26435,NA
94877,NA
42471,NA
26595,NA
84256,NA
65691,NA
38866,NA
75723,NA
94562,NA
52688,NA
20478,NA
90052,NA
50099,NA
67134,NA
35743,NA
17394,NA
90881,NA
46513,NA
40263,NA
14671,NA
88113,NA
30807,NA
56235,NA
98738,NA
50151,NA
76017,NA
240,NA
843,NA
17429,NA
36302,NA
16669,NA
97811,NA
8622,NA
3377,NA
48629,NA
90704,NA
85381,NA
62850,NA
28293,NA
94196,NA
47016,NA
61859,NA
15751,NA
86051,NA
50213,NA
36368,NA
55735,NA
45855,NA
52579,NA
87592,NA
38755,NA
9355,NA
29131,NA
87509,NA
30587,NA
97726,NA
67227,NA
56772,NA
63737,NA
69946,NA
60409,NA
28848,NA
51742,NA
30318,NA
74336,NA
85001,NA
49027,NA
48941,NA
62938,NA
41527,NA
68149,NA
90585,NA
80972,NA
73346,NA
41176,NA
19960,NA
20581,NA
98593,NA
39602,NA
45854,NA
37464,NA
32626,NA
47030,NA
81599,NA
99579,NA
74367,NA
91485,NA
20855,NA
40613,NA
87066,NA
99528,NA
511,NA
98481,NA
61356,NA
31630,NA
5546,NA
45261,NA
8395,NA
38865,NA
94008,NA
7449,NA
78238,NA
59555,NA
54943,NA
44560,NA
97876,NA
37044,NA
31512,NA
16797,NA
21310,NA
25914,NA
10413,NA
89410,NA
35396,NA
28106,NA
26196,NA
32387,NA
5566,NA
36889,NA
38239,NA
90323,NA
6786,NA
22785,NA
823,NA
23208,NA
20566,NA
8750,NA
96870,NA
79037,NA
2573,NA
87978,NA
14625,NA
83215,NA
76710,NA
30860,NA
69278,NA
84976,NA
93057,NA
60925,NA
48853,NA
76393,NA
95144,NA
8290,NA
54942,NA
96462,NA
9111,NA
84673,NA
81028,NA
52384,NA
35349,NA
58459,NA
67838,NA
2539,NA
85975,NA
44041,NA
2074,NA
91012,NA
51822,NA
6038,NA
83603,NA
65024,NA
4757,NA
30847,NA
72377,NA
86480,NA
32681,NA
36006,NA
91068,NA
51031,NA
56577,NA
37480,NA
35744,NA
28746,NA
15745,NA
23210,NA
79153,NA
56858,NA
70871,NA
24619,NA
81387,NA
79978,NA
32081,NA
6133,NA
55410,NA
85745,NA
99072,NA
2823,NA
13460,NA
75657,NA
33400,NA
71948,NA
17633,NA
62265,NA
4026,NA
9737,NA
22414,NA
97322,NA
2920,NA
51226,NA
60325,NA
11555,NA
35743,NA
86143,NA
53381,NA
57220,NA
95660,NA
15128,NA
76837,NA
22023,NA
1235,NA
74899,NA
32189,NA
35269,NA
83586,NA
80225,NA
92531,NA
89921,NA
45442,NA
28480,NA
92280,NA
3079,NA
62057,NA
43690,NA
40574,NA
42293,NA
12834,NA
15058,NA
87993,NA
84858,NA
3993,NA
82828,NA
38900,NA
39459,NA
67854,NA
36477,NA
11916,NA
82103,NA
1689,NA
59183,NA
29366,NA
45177,NA
82467,NA
27741,NA
90987,NA
82390,NA
9098,NA
24806,NA
4946,NA
40255,NA
91844,NA
56748,NA
28605,NA
20355,NA
93700,NA
36284,NA
46930,NA
67028,NA
26248,NA
16105,NA
44302,NA
7187,NA
65627,NA
78265,NA
56810,NA
9554,NA
94281,NA
4014,NA
70570,NA
27892,NA
17895,NA
57026,NA
4163,NA
47427,NA
35949,NA
87435,NA
30280,NA
40625,NA
24287,NA
45922,NA
6413,NA
38723,NA
96129,NA
71269,NA
97747,NA
95018,NA
17716,NA
41957,NA
42435,NA
387,NA
9730,NA
74843,NA
71277,NA
92893,NA
33213,NA
98182,NA
41237,NA
29279,NA
96302,NA
30705,NA
32806,NA
62761,NA
17002,NA
42390,NA
71155,NA
37268,NA
7834,NA
74379,NA
5899,NA
29127,NA
51931,NA
94470,NA
55685,NA
35999,NA
55803,NA
38883,NA
84626,NA
62601,NA
12887,NA
9953,NA
44117,NA
82926,NA
55359,NA
70958,NA
81266,NA
46899,NA
57868,NA
67969,NA
16704,NA
1274,NA
48582,NA
91092,NA
72046,NA
4336,NA
85754,NA
88121,NA
71882,NA
86943,NA
35402,NA
99979,NA
84508,NA
93800,NA
47018,NA
81139,NA
80900,NA
49439,NA
8379,NA
25992,NA
94549,NA
78180,NA
83410,NA
62724,NA
57048,NA
90542,NA
29508,NA
60325,NA
3267,NA
80094,NA
69692,NA
78715,NA
14109,NA
73978,NA
96008,NA
21091,NA
16682,NA
17963,NA
44605,NA
54320,NA
72018,NA
3616,NA
45989,NA
98812,NA
84482,NA
18988,NA
67159,NA
3596,NA
74793,NA
30940,NA
48503,NA
56310,NA
15239,NA
15367,NA
26987,NA
66388,NA
53091,NA
53863,NA
55269,NA
7495,NA
67358,NA
13448,NA
54903,NA
49748,NA
65465,NA
57692,NA
80258,NA
16827,NA
17952,NA
95629,NA
59719,NA
85494,NA
81163,NA
83824,NA
63383,NA
90299,NA
15539,NA
62720,NA
94212,NA
25502,NA
74272,NA
15354,NA
13822,NA
78948,NA
8246,NA
76927,NA
53605,NA
95388,NA
91683,NA
20089,NA
95867,NA
48728,NA
25831,NA
99095,NA
86092,NA
48476,NA
48853,NA
17481,NA
52115,NA
62085,NA
66354,NA
86072,NA
73466,NA
1861,NA
67683,NA
45393,NA
32655,NA
31179,NA
3775,NA
91757,NA
34819,NA
11977,NA
96051,NA
70298,NA
16491,NA
4664,NA
23145,NA
54688,NA
24123,NA
74871,NA
72655,NA
3338,NA
67988,NA
43416,NA
983,NA
8542,NA
87524,NA
83189,NA
43698,NA
56055,NA
8467,NA
44591,NA
61449,NA
86926,NA
50806,NA
27843,NA
43131,NA
13116,NA
95246,NA
90716,NA
18991,NA
31023,NA
18799,NA
30314,NA
59130,NA
16262,NA
73549,NA
81056,NA
97380,NA
54686,NA
21733,NA
39536,NA
58027,NA
85881,NA
56154,NA
10022,NA
68060,NA
67231,NA
23144,NA
59600,NA
15181,NA
38632,NA
69913,NA
97234,NA
87996,NA
61381,NA
21582,NA
23372,NA
7567,NA
65142,NA
19874,NA
34282,NA
62357,NA
69531,NA
13148,NA
15733,NA
3894,NA
95595,NA
18869,NA
4885,NA
43061,NA
15461,NA
79306,NA
72151,NA
22746,NA
44738,NA
56852,NA
68038,NA
11298,NA
60765,NA
34545,NA
45453,NA
80639,NA
67362,NA
33872,NA
28924,NA
62814,NA
27693,NA
60485,NA
81507,NA
85750,NA
59638,NA
15771,NA
25304,NA
48356,NA
60164,NA
87755,NA
67688,NA
34448,NA
9812,NA
75442,NA
798,NA
80686,NA
55883,NA
96506,NA
50123,NA
94426,NA
50658,NA
29361,NA
80871,NA
93297,NA
68209,NA
60828,NA
9592,NA
62165,NA
17508,NA
79025,NA
72671,NA
77362,NA
6256,NA
32683,NA
86507,NA
29924,NA
91132,NA
19173,NA
79971,NA
67705,NA
73981,NA
3727,NA
82083,NA
77905,NA
79579,NA
35720,NA
14874,NA
29226,NA
62537,NA
56609,NA
83402,NA
30850,NA
32427,NA
3179,NA
96086,NA
34702,NA
87637,NA
2516,NA
40082,NA
5306,NA
70526,NA
78044,NA
28845,NA
99874,NA
78116,NA
95912,NA
54776,NA
83570,NA
11576,NA
73347,NA
79947,NA
80520,NA
11435,NA
66065,NA
26558,NA
7883,NA
11744,NA
90488,NA
63015,NA
83859,NA
81799,NA
66862,NA
28561,NA
79314,NA
93245,NA
32579,NA
20362,NA
12053,NA
17220,NA
36095,NA
44297,NA
6655,NA
51598,NA
66717,NA
8479,NA
54865,NA
19860,NA
23791,NA
87844,NA
56091,NA
39551,NA
71621,NA
33138,NA
92895,NA
74711,NA
62216,NA
51618,NA
70038,NA
45561,NA
56864,NA
77075,NA
39858,NA
71365,NA
12331,NA
47589,NA
39041,NA
71474,NA
91155,NA
30812,NA
76705,NA
35199,NA
46740,NA
17404,NA
74175,NA
71027,NA
95373,NA
6838,NA
94883,NA
9192,NA
23752,NA
40513,NA
66826,NA
13820,NA
85557,NA
9559,NA
63557,NA
13496,NA
61946,NA
98582,NA
19399,NA
61390,NA
50850,NA
19925,NA
64247,NA
7924,NA
50886,NA
72064,NA
99957,NA
16988,NA
60340,NA
31567,NA
19465,NA
48379,NA
12306,NA
17648,NA
38596,NA
60243,NA
1192,NA
77441,NA
98644,NA
50888,NA
16774,NA
86331,NA
12384,NA
18374,NA
5236,NA
66099,NA
54033,NA
87333,NA
37730,NA
40904,NA
98505,NA
91276,NA
28380,NA
41050,NA
38239,NA
13302,NA
97002,NA
22842,NA
65382,NA
98566,NA
94257,NA
69254,NA
11448,NA
75216,NA
24652,NA
17544,NA
73796,NA
10679,NA
44703,NA
95986,NA
53003,NA
19531,NA
54221,NA
9501,NA
95723,NA
79935,NA
63708,NA
24053,NA
6150,NA
4089,NA
82338,NA
71366,NA
94064,NA
20161,NA
58104,NA
57960,NA
85388,NA
23064,NA
54412,NA
80417,NA
57774,NA
3128,NA
64798,NA
30204,NA
81801,NA
68534,NA
97368,NA
5792,NA
24606,NA
29560,NA
98182,NA
22664,NA
73995,NA
15089,NA
35029,NA
92505,NA
75163,NA
13916,NA
20632,NA
9664,NA
63272,NA
30286,NA
58169,NA
42708,NA
63699,NA
50276,NA
26214,NA
91962,NA
82687,NA
71286,NA
51977,NA
63358,NA
31791,NA
69736,NA
68033,NA
3389,NA
55556,NA
46620,NA
25762,NA
89880,NA
93112,NA
79864,NA
79964,NA
74675,NA
11979,NA
14633,NA
89920,NA
2108,NA
8592,NA
48906,NA
3097,NA
80423,NA
41798,NA
79074,NA
33797,NA
52227,NA
36887,NA
52578,NA
89325,NA
81053,NA
10286,NA
42540,NA
94702,NA
84243,NA
26650,NA
15213,NA
50629,NA
20854,NA
83608,NA
43311,NA
13561,NA
70465,NA
31520,NA
7275,NA
45937,NA
22916,NA
90764,NA
4574,NA
37542,NA
11514,NA
69041,NA
28708,NA
5894,NA
30585,NA
44340,NA
30812,NA
61934,NA
45544,NA
48541,NA
20896,NA
86105,NA
78037,NA
84407,NA
23403,NA
94197,NA
20285,NA
78190,NA
58919,NA
41309,NA
63525,NA
18505,NA
75300,NA
38779,NA
31724,NA
14933,NA
29283,NA
31047,NA
74374,NA
62686,NA
36634,NA
33252,NA
42059,NA
17470,NA
62400,NA
45351,NA
30784,NA
79524,NA
98057,NA
25373,NA
14756,NA
87611,NA
3455,NA
2545,NA
55418,NA
97643,NA
46725,NA
82232,NA
66783,NA
55126,NA
7345,NA
8351,NA
42458,NA
18774,NA
24057,NA
81421,NA
30273,NA
44319,NA
57759,NA
41318,NA
624,NA
35431,NA
62176,NA
82474,NA
15462,NA
68929,NA
71562,NA
86415,NA
2613,NA
41354,NA
70774,NA
85545,NA
48636,NA
33945,NA
64830,NA
34471,NA
17693,NA
60212,NA
27483,NA
68447,NA
31961,NA
59635,NA
61177,NA
86165,NA
10026,NA
99581,NA
72376,NA
95750,NA
60847,NA
16323,NA
56956,NA
90812,NA
78054,NA
39092,NA
52426,NA
87334,NA
70572,NA
44436,NA
45125,NA
35775,NA
58139,NA
81708,NA
49173,NA
31439,NA
10961,NA
14321,NA
51823,NA
25354,NA
70885,NA
45020,NA
58079,NA
17388,NA
29250,NA
48372,NA
22449,NA
89598,NA
13154,NA
40857,NA
78405,NA
62833,NA
52427,NA
54196,NA
89086,NA
86609,NA
8143,NA
275,NA
7674,NA
63221,NA
7232,NA
6832,NA
27716,NA
29402,NA
6891,NA
490,NA
69219,NA
44861,NA
30484,NA
87448,NA
99227,NA
3442,NA
13122,NA
99912,NA
8054,NA
90633,NA
93376,NA
19620,NA
80932,NA
81866,NA
37251,NA
55656,NA
20636,NA
72298,NA
33795,NA
12133,NA
76751,NA
36801,NA
71519,NA
40831,NA
4000,NA
95035,NA
98737,NA
69966,NA
54554,NA
75193,NA
98856,NA
77949,NA
67464,NA
55495,NA
73869,NA
78398,NA
84156,NA
19871,NA
27897,NA
14563,NA
1664,NA
9931,NA
99963,NA
19185,NA
7844,NA
34503,NA
98517,NA
26511,NA
17227,NA
24726,NA
14533,NA
5192,NA
70180,NA
17872,NA
43778,NA
93838,NA
65432,NA
12047,NA
95490,NA
26992,NA
40121,NA
33217,NA
85623,NA
68944,NA
68756,NA
97299,NA
50366,NA
9374,NA
65651,NA
86208,NA
66093,NA
38637,NA
11554,NA
1,NA
58175,NA
26159,NA
42787,NA
46575,NA
76623,NA
27835,NA
51036,NA
5509,NA
84572,NA
82783,NA
47937,NA
98470,NA
51651,NA
35143,NA
61686,NA
81747,NA
39186,NA
3333,NA
33760,NA
40329,NA
86596,NA
54561,NA
76040,NA
28638,NA
78730,NA
10156,NA
99582,NA
10269,NA
68505,NA
47280,NA
54489,NA
81759,NA
2423,NA
39115,NA
49165,NA
61072,NA
52571,NA
13058,NA
76209,NA
60811,NA
53859,NA
66528,NA
53293,NA
63129,NA
22753,NA
64943,NA
39305,NA
16197,NA
45459,NA
86625,NA
9820,NA
80211,NA
85923,NA
15256,NA
43858,NA
46939,NA
78969,NA
93990,NA
18974,NA
39153,NA
90701,NA
43102,NA
40593,NA
17709,NA
88307,NA
5999,NA
50878,NA
89973,NA
63958,NA
92128,NA
68570,NA
30693,NA
39875,NA
18792,NA
55678,NA
26215,NA
65765,NA
47036,NA
87183,NA
82198,NA
53269,NA
37219,NA
54004,NA
80098,NA
51766,NA
90452,NA
20737,NA
93431,NA
29549,NA
88753,NA
24758,NA
97493,NA
19766,NA
97615,NA
39049,NA
25506,NA
27866,NA
49608,NA
6026,NA
479,NA
97970,NA
55437,NA
18843,NA
35429,NA
1755,NA
9618,NA
50251,NA
61587,NA
53983,NA
92649,NA
65912,NA
78361,NA
34102,NA
93540,NA
58310,NA
69318,NA
48875,NA
77661,NA
2406,NA
89714,NA
46211,NA
18696,NA
87322,NA
51698,NA
38078,NA
49001,NA
75003,NA
24186,NA
87196,NA
69845,NA
60144,NA
23051,NA
73537,NA
54684,NA
11709,NA
17401,NA
51175,NA
13740,NA
27677,NA
73251,NA
84142,NA
39319,NA
34981,NA
23213,NA
76047,NA
6741,NA
72608,NA
1535,NA
95967,NA
405,NA
29202,NA
86411,NA
87991,NA
93851,NA
67787,NA
74510,NA
22020,NA
57206,NA
58502,NA
7696,NA
5286,NA
89953,NA
85869,NA
94426,NA
19979,NA
78212,NA
60547,NA
85670,NA
38055,NA
78715,NA
50162,NA
92352,NA
14047,NA
3943,NA
66490,NA
21269,NA
9570,NA
86716,NA
90918,NA
77492,NA
47820,NA
84994,NA
61281,NA
54368,NA
23631,NA
49858,NA
19601,NA
14458,NA
80725,NA
2634,NA
33650,NA
66988,NA
7683,NA
38149,NA
17722,NA
50767,NA
8785,NA
10506,NA
61969,NA
22255,NA
44710,NA
35338,NA
88936,NA
72097,NA
68529,NA
79631,NA
38477,NA
9107,NA
34179,NA
3628,NA
43194,NA
6984,NA
52089,NA
79628,NA
77784,NA
85523,NA
68605,NA
93760,NA
73491,NA
86518,NA
14937,NA
53528,NA
58291,NA
82399,NA
78657,NA
76985,NA
24714,NA
26926,NA
12329,NA
21830,NA
83347,NA
91634,NA
64732,NA
38661,NA
2696,NA
41227,NA
71775,NA
22227,NA
37957,NA
39714,NA
82895,NA
40911,NA
68223,NA
10266,NA
17983,NA
19306,NA
33364,NA
53892,NA
30018,NA
63174,NA
14827,NA
96777,NA
17725,NA
51364,NA
89750,NA
18938,NA
92124,NA
84490,NA
62648,NA
31771,NA
14007,NA
60903,NA
50751,NA
46197,NA
6868,NA
85904,NA
66800,NA
67117,NA
8355,NA
39582,NA
46188,NA
54016,NA
50042,NA
40088,NA
77589,NA
33548,NA
49889,NA
49390,NA
88100,NA
29946,NA
49668,NA
61706,NA
41073,NA
71179,NA
36715,NA
71187,NA
70615,NA
95911,NA
63641,NA
40458,NA
36377,NA
70956,NA
4862,NA
38570,NA
48080,NA
26958,NA
15631,NA
21684,NA
91824,NA
10343,NA
13184,NA
1242,NA
10052,NA
30237,NA
82570,NA
2093,NA
51247,NA
33914,NA
45888,NA
55026,NA
23671,NA
79949,NA
75781,NA
90788,NA
89455,NA
9863,NA
99514,NA
3496,NA
55514,NA
9269,NA
11109,NA
1311,NA
63129,NA
19451,NA
88926,NA
74914,NA
76835,NA
16201,NA
63492,NA
21838,NA
9991,NA
80771,NA
16435,NA
40646,NA
76544,NA
81665,NA
50728,NA
81712,NA
24910,NA
79480,NA
67283,NA
1401,NA
50454,NA
94981,NA
58247,NA
67616,NA
32797,NA
18609,NA
4318,NA
6497,NA
5470,NA
16580,NA
88932,NA
31276,NA
40588,NA
41297,NA
59161,NA
87061,NA
83981,NA
69630,NA
29402,NA
16345,NA
59717,NA
726,NA
85685,NA
43584,NA
51495,NA
82518,NA
80176,NA
69058,NA
33317,NA
89658,NA
95176,NA
1035,NA
7772,NA
40875,NA
54551,NA
72318,NA
25836,NA
37834,NA
26230,NA
59197,NA
95444,NA
70433,NA
42062,NA
48495,NA
1449,NA
97144,NA
2872,NA
5614,NA
40774,NA
5753,NA
17039,NA
27046,NA
74292,NA
28540,NA
14630,NA
16182,NA
87385,NA
4850,NA
83415,NA
24620,NA
11870,NA
97006,NA
63981,NA
49133,NA
19956,NA
46698,NA
48419,NA
53637,NA
27393,NA
19275,NA
24500,NA
86376,NA
9676,NA
92345,NA
2842,NA
64418,NA
42507,NA
59302,NA
85657,NA
1383,NA
76508,NA
21498,NA
72633,NA
53701,NA
48191,NA
1298,NA
13480,NA
70734,NA
15085,NA
41774,NA
76139,NA
4289,NA
19938,NA
91888,NA
49587,NA
96688,NA
27564,NA
11676,NA
51949,NA
8712,NA
81922,NA
76818,NA
94333,NA
80429,NA
21845,NA
42652,NA
91739,NA
63666,NA
27019,NA
79439,NA
51943,NA
79434,NA
15008,NA
4201,NA
74373,NA
3472,NA
82337,NA
48256,NA
16006,NA
46239,NA
3828,NA
32765,NA
11980,NA
19880,NA
26181,NA
55224,NA
50629,NA
60925,NA
7167,NA
91723,NA
92885,NA
8796,NA
34961,NA
25939,NA
73064,NA
229,NA
13944,NA
65714,NA
61794,NA
95590,NA
34669,NA
2211,NA
4766,NA
16226,NA
63705,NA
30501,NA
56154,NA
27335,NA
88043,NA
43814,NA
11189,NA
45886,NA
83787,NA
63154,NA
35353,NA
82746,NA
26152,NA
54116,NA
57837,NA
36390,NA
92202,NA
55517,NA
9175,NA
14083,NA
28856,NA
4012,NA
12775,NA
49913,NA
33292,NA
92533,NA
5744,NA
44948,NA
58892,NA
41057,NA
89101,NA
24041,NA
42756,NA
93386,NA
52800,NA
42523,NA
18343,NA
90956,NA
2231,NA
86608,NA
76799,NA
30510,NA
36447,NA
32894,NA
28898,NA
32319,NA
65144,NA
24678,NA
28308,NA
2482,NA
22554,NA
85255,NA
71085,NA
39919,NA
83915,NA
87429,NA
98754,NA
78683,NA
78365,NA
56040,NA
86923,NA
42609,NA
43472,NA
42312,NA
43266,NA
98464,NA
8783,NA
20513,NA
62093,NA
13221,NA
48004,NA
39762,NA
63012,NA
21288,NA
61843,NA
22468,NA
47733,NA
73592,NA
75750,NA
37511,NA
31341,NA
72004,NA
37885,NA
67274,NA
17131,NA
63526,NA
49130,NA
87121,NA
52367,NA
22118,NA
53332,NA
65279,NA
90801,NA
8089,NA
89499,NA
95549,NA
80058,NA
63640,NA
86076,NA
69428,NA
35309,NA
2873,NA
58100,NA
76942,NA
10960,NA
95924,NA
84870,NA
61436,NA
63751,NA
97385,NA
44155,NA
65118,NA
80052,NA
62982,NA
77113,NA
61824,NA
94059,NA
33417,NA
5463,NA
67103,NA
89252,NA
17236,NA
14657,NA
34291,NA
7430,NA
54105,NA
38576,NA
30949,NA
63537,NA
53626,NA
1327,NA
59410,NA
58956,NA
88893,NA
13926,NA
97433,NA
26759,NA
56725,NA
16471,NA
29468,NA
75933,NA
20035,NA
8881,NA
41749,NA
24937,NA
58365,NA
30913,NA
52160,NA
11477,NA
1089,NA
58005,NA
9101,NA
69666,NA
85852,NA
40959,NA
49813,NA
79279,NA
52162,NA
56547,NA
95130,NA
77459,NA
50713,NA
95617,NA
66973,NA
70858,NA
87546,NA
2861,NA
59402,NA
88114,NA
70608,NA
48422,NA
82185,NA
2507,NA
87667,NA
71940,NA
74057,NA
18732,NA
22942,NA
99624,NA
32653,NA
81503,NA
98908,NA
14186,NA
66940,NA
58291,NA
45469,NA
86878,NA
31263,NA
77937,NA
20020,NA
99755,NA
99424,NA
64202,NA
78869,NA
30573,NA
92975,NA
87335,NA
41453,NA
32379,NA
5433,NA
33165,NA
40979,NA
29739,NA
69770,NA
95595,NA
93101,NA
89835,NA
78538,NA
35537,NA
44208,NA
41896,NA
36389,NA
92493,NA
62443,NA
3777,NA
96333,NA
72207,NA
12726,NA
50667,NA
96707,NA
20854,NA
30105,NA
92908,NA
94298,NA
16175,NA
77070,NA
90545,NA
16843,NA
23984,NA
72687,NA
23328,NA
46776,NA
24994,NA
27079,NA
41453,NA
50427,NA
99749,NA
14846,NA
42876,NA
1028,NA
58819,NA
44804,NA
44236,NA
96860,NA
58070,NA
46120,NA
7406,NA
43083,NA
19768,NA
87582,NA
20410,NA
88329,NA
52110,NA
51295,NA
46945,NA
29962,NA
21521,NA
81242,NA
44046,NA
85690,NA
82681,NA
36873,NA
48796,NA
23580,NA
11447,NA
77282,NA
50435,NA
7842,NA
55290,NA
59141,NA
94525,NA
36021,NA
84696,NA
52789,NA
33605,NA
28699,NA
61179,NA
52897,NA
88727,NA
82017,NA
93092,NA
77419,NA
43899,NA
11072,NA
34881,NA
67700,NA
68959,NA
86526,NA
59471,NA
8501,NA
7021,NA
22554,NA
67305,NA
47652,NA
48232,NA
87197,NA
25379,NA
72771,NA
98887,NA
37086,NA
69991,NA
67834,NA
33282,NA
24352,NA
78011,NA
56627,NA
100,NA
47121,NA
17053,NA
49751,NA
14958,NA
21327,NA
35702,NA
38992,NA
83491,NA
98206,NA
50932,NA
79182,NA
62734,NA
58889,NA
68796,NA
44499,NA
59613,NA
49910,NA
31960,NA
694,NA
95295,NA
28382,NA
90341,NA
60664,NA
81895,NA
4273,NA
31968,NA
94803,NA
22367,NA
15729,NA
38237,NA
84919,NA
89189,NA
39375,NA
87551,NA
91764,NA
80571,NA
48495,NA
87765,NA
6048,NA
59636,NA
7624,NA
81733,NA
40715,NA
9897,NA
8070,NA
97579,NA
37418,NA
26748,NA
63358,NA
71132,NA
87978,NA
21112,NA
81654,NA
96027,NA
74209,NA
59399,NA
12544,NA
84544,NA
20443,NA
68013,NA
51914,NA
55143,NA
6848,NA
53695,NA
78541,NA
32901,NA
64027,NA
24679,NA
91977,NA
2324,NA
80226,NA
3972,NA
54134,NA
92846,NA
81063,NA
42861,NA
2738,NA
51035,NA
13187,NA
63909,NA
89841,NA
27021,NA
54710,NA
17994,NA
20931,NA
15143,NA
27405,NA
55652,NA
2796,NA
21533,NA
27386,NA
29817,NA
1485,NA
86868,NA
62867,NA
58715,NA
98932,NA
9868,NA
50758,NA
70559,NA
2817,NA
54880,NA
60265,NA
15279,NA
26602,NA
57048,NA
70815,NA
27388,NA
74732,NA
41060,NA
97764,NA
56672,NA
82525,NA
4199,NA
29797,NA
54430,NA
55237,NA
48051,NA
6075,NA
10868,NA
45620,NA
81228,NA
82505,NA
52009,NA
55943,NA
94695,NA
21440,NA
52709,NA
28178,NA
55010,NA
59243,NA
17585,NA
73987,NA
92703,NA
33877,NA
27342,NA
51375,NA
23700,NA
57286,NA
22623,NA
32264,NA
86607,NA
60388,NA
51547,NA
51173,NA
10775,NA
34730,NA
74112,NA
65615,NA
23083,NA
13916,NA
61675,NA
30686,NA
27315,NA
75960,NA
32717,NA
75840,NA
85122,NA
42951,NA
30138,NA
69419,NA
6768,NA
69795,NA
74735,NA
91338,NA
5670,NA
8237,NA
81381,NA
65061,NA
52490,NA
76162,NA
45891,NA
29535,NA
11206,NA
85607,NA
95884,NA
99564,NA
57453,NA
82835,NA
13724,NA
50705,NA
59008,NA
62186,NA
66335,NA
9280,NA
44011,NA
45304,NA
45947,NA
33716,NA
35164,NA
23645,NA
56385,NA
40799,NA
4926,NA
72885,NA
42156,NA
84512,NA
2207,NA
60036,NA
19683,NA
65500,NA
2505,NA
60949,NA
71143,NA
49569,NA
23172,NA
39799,NA
51242,NA
40400,NA
70845,NA
34588,NA
86994,NA
12186,NA
92887,NA
54613,NA
58975,NA
48207,NA
17427,NA
87068,NA
62524,NA
9226,NA
81786,NA
61213,NA
56939,NA
69597,NA
41800,NA
56669,NA
65446,NA
73977,NA
27462,NA
48918,NA
58509,NA
7691,NA
7200,NA
65944,NA
62254,NA
33924,NA
45338,NA
22929,NA
92431,NA
15128,NA
23592,NA
71860,NA
56825,NA
25962,NA
17838,NA
43559,NA
44799,NA
96333,NA
43129,NA
84986,NA
10429,NA
61579,NA
8990,NA
29474,NA
95212,NA
99141,NA
18886,NA
64318,NA
28103,NA
28145,NA
37809,NA
37678,NA
86205,NA
86188,NA
31441,NA
34034,NA
86678,NA
88163,NA
21736,NA
26728,NA
86362,NA
15942,NA
81073,NA
80693,NA
62882,NA
58409,NA
15249,NA
42843,NA
46369,NA
47854,NA
23720,NA
57303,NA
10261,NA
40548,NA
35798,NA
78582,NA
49056,NA
21627,NA
95645,NA
6911,NA
88260,NA
19363,NA
96395,NA
74524,NA
63414,NA
83140,NA
98395,NA
36240,NA
1226,NA
99143,NA
41783,NA
96123,NA
29473,NA
1770,NA
80806,NA
2603,NA
60844,NA
11721,NA
199,NA
85576,NA
93854,NA
88005,NA
1334,NA
60588,NA
73117,NA
72024,NA
18566,NA
60837,NA
78604,NA
48367,NA
50935,NA
29536,NA
4976,NA
87173,NA
24889,NA
83805,NA
10795,NA
65492,NA
70256,NA
37175,NA
86576,NA
286,NA
68918,NA
66181,NA
51377,NA
33318,NA
65324,NA
86614,NA
30730,NA
38437,NA
88246,NA
94062,NA
69112,NA
13654,NA
8550,NA
74036,NA
35760,NA
43266,NA
47341,NA
93898,NA
21710,NA
24964,NA
86401,NA
41932,NA
14054,NA
62041,NA
51046,NA
67143,NA
90613,NA
34661,NA
32890,NA
9500,NA
86001,NA
44035,NA
38341,NA
33353,NA
6473,NA
63845,NA
34625,NA
64196,NA
49405,NA
21472,NA
59383,NA
2020,NA
39000,NA
18350,NA
27814,NA
94002,NA
63048,NA
99917,NA
64279,NA
62910,NA
68885,NA
71985,NA
79757,NA
20168,NA
14329,NA
64656,NA
24320,NA
15188,NA
36393,NA
55070,NA
62004,NA
21085,NA
18267,NA
9782,NA
65197,NA
26239,NA
68783,NA
76405,NA
14755,NA
58997,NA
41376,NA
9591,NA
52229,NA
12559,NA
63914,NA
17400,NA
87480,NA
48204,NA
12419,NA
1229,NA
55698,NA
19166,NA
39133,NA
18578,NA
73253,NA
19774,NA
85090,NA
79528,NA
93972,NA
92642,NA
22058,NA
87375,NA
60696,NA
29804,NA
54205,NA
80903,NA
28999,NA
49930,NA
83671,NA
43717,NA
51097,NA
44290,NA
18933,NA
25537,NA
45174,NA
16411,NA
58657,NA
22629,NA
22120,NA
2025,NA
61383,NA
15274,NA
76066,NA
85201,NA
58349,NA
92486,NA
91458,NA
860,NA
31152,NA
98543,NA
66082,NA
58682,NA
82007,NA
79086,NA
26103,NA
7633,NA
64524,NA
28619,NA
3296,NA
68012,NA
35510,NA
54594,NA
97694,NA
13688,NA
80579,NA
81052,NA
50231,NA
28447,NA
12851,NA
723,NA
78059,NA
14756,NA
48121,NA
67302,NA
6192,NA
37690,NA
68869,NA
83344,NA
90782,NA
7900,NA
35897,NA
20031,NA
32365,NA
80224,NA
54651,NA
93850,NA
24687,NA
46918,NA
94407,NA
54129,NA
28377,NA
11812,NA
33686,NA
58370,NA
15696,NA
7159,NA
76683,NA
5324,NA
1737,NA
97417,NA
98130,NA
12515,NA
44301,NA
46066,NA
71918,NA
78342,NA
86889,NA
39047,NA
19118,NA
14989,NA
80452,NA
12666,NA
25814,NA
387,NA
20618,NA
68118,NA
97213,NA
91420,NA
55153,NA
4050,NA
23118,NA
92530,NA
80937,NA
90279,NA
51837,NA
40840,NA
38222,NA
22148,NA
37786,NA
12534,NA
8487,NA
9914,NA
84716,NA
16866,NA
51035,NA
9477,NA
11350,NA
73684,NA
93952,NA
79283,NA
59090,NA
67456,NA
70011,NA
96621,NA
23607,NA
64141,NA
87855,NA
72229,NA
76641,NA
57707,NA
12355,NA
9507,NA
63153,NA
2436,NA
21150,NA
88684,NA
66352,NA
39656,NA
9610,NA
27887,NA
92254,NA
28087,NA
91765,NA
10093,NA
89056,NA
56789,NA
53494,NA
74958,NA
5031,NA
69272,NA
64918,NA
44385,NA
27872,NA
39867,NA
43501,NA
81809,NA
44303,NA
57888,NA
37104,NA
86638,NA
86327,NA
81789,NA
27243,NA
36020,NA
65861,NA
93707,NA
49587,NA
72758,NA
56161,NA
86377,NA
43357,NA
60480,NA
674,NA
19487,NA
34540,NA
70940,NA
54563,NA
1840,NA
2924,NA
46631,NA
99792,NA
88571,NA
28497,NA
28219,NA
90798,NA
52137,NA
89453,NA
8700,NA
53921,NA
68972,NA
91279,NA
22470,NA
66631,NA
75545,NA
27466,NA
46860,NA
81929,NA
50900,NA
36389,NA
70095,NA
72054,NA
37324,NA
914,NA
51084,NA
25733,NA
12950,NA
12022,NA
51159,NA
72455,NA
2378,NA
76471,NA
83402,NA
10466,NA
89194,NA
20526,NA
67972,NA
96723,NA
86608,NA
65649,NA
83838,NA
90886,NA
90713,NA
39580,NA
47849,NA
68352,NA
47513,NA
63780,NA
27913,NA
27703,NA
52796,NA
1100,NA
32050,NA
15070,NA
82016,NA
10109,NA
63613,NA
91832,NA
66665,NA
15106,NA
82987,NA
5858,NA
58166,NA
28217,NA
5255,NA
58134,NA
41336,NA
31700,NA
96229,NA
16004,NA
8323,NA
29271,NA
58061,NA
6619,NA
70026,NA
455,NA
56480,NA
40301,NA
59782,NA
57284,NA
93239,NA
67577,NA
71085,NA
8545,NA
17076,NA
56029,NA
22841,NA
7549,NA
4274,NA
47643,NA
47360,NA
66187,NA
80280,NA
86227,NA
53934,NA
98956,NA
90321,NA
57610,NA
66673,NA
34638,NA
51067,NA
32096,NA
68899,NA
97824,NA
12211,NA
6136,NA
97250,NA
74877,NA
49382,NA
51245,NA
63744,NA
64230,NA
21075,NA
21348,NA
12954,NA
75046,NA
36804,NA
6575,NA
23789,NA
17479,NA
59709,NA
70122,NA
38357,NA
20632,NA
78128,NA
69802,NA
74779,NA
6907,NA
19581,NA
91755,NA
62218,NA
38942,NA
19494,NA
64773,NA
83038,NA
78472,NA
55577,NA
64682,NA
53575,NA
69305,NA
72528,NA
41146,NA
99301,NA
57219,NA
4733,NA
78875,NA
59868,NA
30975,NA
44853,NA
61685,NA
85927,NA
40526,NA
70141,NA
80712,NA
19796,NA
91439,NA
82511,NA
70603,NA
75848,NA
56786,NA
79025,NA
15976,NA
36756,NA
16766,NA
86671,NA
11428,NA
12429,NA
10624,NA
66670,NA
26210,NA
28904,NA
52114,NA
37530,NA
19118,NA
74689,NA
89200,NA
89879,NA
52379,NA
31295,NA
2001,NA
92231,NA
17134,NA
50832,NA
3816,NA
91667,NA
98841,NA
87763,NA
44789,NA
69075,NA
12160,NA
11547,NA
52248,NA
19645,NA
18335,NA
9137,NA
17104,NA
31135,NA
65096,NA
63421,NA
88693,NA
26291,NA
55023,NA
8648,NA
66253,NA
33244,NA
76944,NA
94662,NA
31265,NA
49286,NA
80985,NA
37533,NA
57156,NA
66972,NA
85239,NA
65954,NA
79774,NA
7779,NA
45385,NA
79785,NA
99888,NA
60672,NA
89204,NA
84060,NA
8237,NA
80104,NA
77657,NA
74902,NA
20151,NA
5120,NA
87351,NA
77623,NA
76082,NA
50021,NA
7891,NA
56240,NA
34290,NA
27086,NA
13644,NA
82340,NA
85402,NA
90133,NA
49688,NA
98489,NA
94125,NA
16911,NA
59571,NA
4831,NA
24483,NA
83620,NA
8617,NA
89245,NA
31628,NA
50210,NA
93492,NA
51118,NA
44733,NA
34986,NA
20842,NA
63327,NA
53112,NA
73726,NA
21241,NA
37211,NA
61273,NA
92049,NA
53841,NA
1126,NA
76274,NA
1910,NA
21282,NA
96001,NA
13833,NA
41880,NA
40308,NA
73040,NA
14693,NA
15978,NA
55241,NA
3250,NA
56722,NA
35549,NA
17593,NA
30410,NA
73078,NA
58017,NA
61300,NA
71164,NA
2520,NA
11841,NA
41519,NA
2333,NA
17038,NA
55484,NA
27389,NA
55749,NA
45198,NA
65555,NA
44798,NA
8116,NA
44480,NA
58266,NA
79451,NA
99774,NA
50877,NA
1768,NA
42950,NA
46104,NA
86956,NA
24422,NA
51075,NA
87680,NA
89753,NA
596,NA
44856,NA
52798,NA
92749,NA
73014,NA
5693,NA
16515,NA
7951,NA
30006,NA
80492,NA
57856,NA
87190,NA
33687,NA
15521,NA
62258,NA
99878,NA
87096,NA
51470,NA
76166,NA
72971,NA
33771,NA
92984,NA
34915,NA
17452,NA
37770,NA
63648,NA
61337,NA
29851,NA
5061,NA
8391,NA
75273,NA
63392,NA
79838,NA
54251,NA
52325,NA
20629,NA
51126,NA
20907,NA
68763,NA
1453,NA
76318,NA
20876,NA
50905,NA
42790,NA
89300,NA
10713,NA
95274,NA
25204,NA
17642,NA
58130,NA
10044,NA
36798,NA
75164,NA
23512,NA
74538,NA
39115,NA
40207,NA
7503,NA
76130,NA
3022,NA
46444,NA
68808,NA
43702,NA
32283,NA
11649,NA
35818,NA
39107,NA
41332,NA
20787,NA
28551,NA
27107,NA
44858,NA
69958,NA
10598,NA
86168,NA
24321,NA
94459,NA
31219,NA
50522,NA
16306,NA
50311,NA
22673,NA
28172,NA
69217,NA
43402,NA
3827,NA
33362,NA
83907,NA
38137,NA
23510,NA
8650,NA
51336,NA
70863,NA
10769,NA
10269,NA
68424,NA
14205,NA
70299,NA
95528,NA
66401,NA
98350,NA
6266,NA
8860,NA
35629,NA
51080,NA
52480,NA
27731,NA
28311,NA
83090,NA
89893,NA
86112,NA
28039,NA
51015,NA
52519,NA
10921,NA
68479,NA
21220,NA
23203,NA
76328,NA
51662,NA
95785,NA
36187,NA
36504,NA
51826,NA
94127,NA
89262,NA
45857,NA
98889,NA
5547,NA
86026,NA
30957,NA
94870,NA
14694,NA
84337,NA
90588,NA
55165,NA
75630,NA
81120,NA
171,NA
63029,NA
24596,NA
78923,NA
88806,NA
53121,NA
22616,NA
44077,NA
35310,NA
23750,NA
20793,NA
18657,NA
65827,NA
20011,NA
44974,NA
27322,NA
8041,NA
11398,NA
31654,NA
933,NA
16503,NA
59831,NA
94558,NA
24536,NA
17023,NA
76558,NA
56743,NA
76784,NA
30193,NA
27057,NA
75962,NA
23157,NA
19584,NA
71120,NA
89879,NA
64331,NA
22350,NA
31055,NA
36211,NA
24039,NA
57043,NA
69326,NA
98503,NA
92869,NA
74890,NA
22042,NA
76130,NA
91669,NA
45606,NA
5333,NA
61467,NA
62908,NA
65044,NA
14236,NA
77635,NA
51022,NA
93188,NA
61965,NA
93994,NA
66235,NA
82322,NA
24564,NA
44438,NA
15195,NA
73065,NA
11910,NA
77533,NA
65020,NA
62459,NA
71372,NA
75422,NA
78992,NA
20782,NA
8416,NA
96468,NA
28878,NA
67227,NA
86786,NA
10240,NA
21756,NA
88070,NA
47582,NA
47858,NA
32162,NA
17321,NA
71059,NA
23760,NA
10459,NA
59880,NA
39151,NA
64279,NA
34626,NA
24723,NA
63466,NA
21579,NA
44841,NA
2627,NA
1952,NA
32026,NA
88445,NA
79896,NA
79633,NA
69196,NA
31647,NA
30179,NA
70562,NA
21901,NA
49656,NA
8828,NA
92103,NA
77183,NA
28498,NA
72307,NA
97088,NA
96413,NA
34089,NA
60037,NA
69183,NA
85188,NA
47980,NA
31960,NA
86508,NA
58590,NA
43083,NA
72643,NA
14951,NA
79982,NA
78699,NA
74011,NA
32188,NA
42673,NA
65491,NA
34441,NA
18180,NA
96202,NA
10490,NA
81524,NA
79658,NA
41710,NA
99635,NA
23766,NA
35027,NA
42427,NA
74080,NA
9533,NA
66757,NA
20603,NA
78638,NA
9942,NA
24749,NA
63516,NA
50964,NA
70802,NA
67236,NA
84848,NA
91458,NA
92293,NA
16567,NA
54156,NA
3662,NA
17519,NA
71826,NA
18168,NA
69057,NA
11179,NA
17894,NA
71482,NA
73479,NA
57581,NA
5488,NA
74576,NA
66974,NA
24816,NA
29888,NA
70029,NA
1197,NA
7481,NA
86069,NA
94019,NA
78168,NA
61279,NA
16975,NA
56308,NA
72208,NA
82487,NA
70564,NA
89272,NA
78219,NA
27604,NA
34343,NA
83604,NA
72746,NA
29225,NA
30539,NA
49492,NA
99922,NA
79924,NA
48352,NA
97799,NA
52583,NA
42282,NA
19659,NA
28410,NA
55062,NA
37274,NA
12364,NA
26784,NA
28812,NA
21564,NA
7930,NA
55501,NA
23413,NA
1294,NA
16997,NA
83285,NA
91510,NA
93056,NA
35706,NA
67204,NA
56305,NA
14172,NA
97821,NA
6033,NA
60980,NA
5756,NA
44564,NA
4232,NA
40729,NA
74228,NA
35699,NA
22490,NA
21643,NA
16503,NA
15615,NA
84932,NA
74766,NA
62168,NA
62679,NA
6573,NA
30154,NA
62412,NA
24424,NA
68445,NA
20147,NA
59172,NA
26916,NA
43772,NA
15119,NA
48342,NA
92062,NA
22685,NA
93954,NA
54983,NA
16620,NA
50884,NA
61472,NA
6895,NA
65912,NA
41523,NA
18068,NA
1450,NA
14439,NA
13737,NA
61933,NA
2263,NA
35831,NA
21775,NA
8502,NA
72439,NA
77801,NA
53407,NA
57105,NA
84063,NA
4519,NA
35216,NA
13941,NA
79870,NA
99298,NA
41698,NA
3523,NA
65336,NA
64079,NA
80427,NA
50782,NA
20071,NA
7386,NA
76141,NA
63157,NA
40524,NA
45759,NA
77888,NA
33551,NA
87466,NA
89693,NA
64665,NA
86948,NA
50752,NA
42977,NA
53435,NA
93917,NA
48375,NA
7683,NA
7388,NA
13672,NA
392,NA
10750,NA
75049,NA
49570,NA
76104,NA
66762,NA
49786,NA
4077,NA
18116,NA
25916,NA
40965,NA
70332,NA
24239,NA
98860,NA
8288,NA
86385,NA
21709,NA
29769,NA
73191,NA
772,NA
67274,NA
9909,NA
64069,NA
91643,NA
75372,NA
31846,NA
22224,NA
22285,NA
82832,NA
36322,NA
30729,NA
85277,NA
2203,NA
89827,NA
58854,NA
3001,NA
18464,NA
14562,NA
43751,NA
55648,NA
38115,NA
29559,NA
89884,NA
3260,NA
76215,NA
74885,NA
13947,NA
13778,NA
41545,NA
41597,NA
85557,NA
30553,NA
19397,NA
41466,NA
32798,NA
5314,NA
91693,NA
14677,NA
4663,NA
64636,NA
40019,NA
44941,NA
93186,NA
95368,NA
15256,NA
93247,NA
66147,NA
47000,NA
47213,NA
91085,NA
59318,NA
98728,NA
96818,NA
27566,NA
44366,NA
8032,NA
96200,NA
65224,NA
2047,NA
32438,NA
94035,NA
64325,NA
5194,NA
45879,NA
61993,NA
71120,NA
63316,NA
50747,NA
18809,NA
87075,NA
95067,NA
13139,NA
1789,NA
20499,NA
27707,NA
23326,NA
30214,NA
85148,NA
50035,NA
71655,NA
66885,NA
31051,NA
55298,NA
16916,NA
34996,NA
54034,NA
6165,NA
50983,NA
80606,NA
56013,NA
36772,NA
53388,NA
84399,NA
94188,NA
27694,NA
30646,NA
50649,NA
93338,NA
50083,NA
81223,NA
57413,NA
84106,NA
67811,NA
51821,NA
18688,NA
60491,NA
13859,NA
61939,NA
75858,NA
79132,NA
43405,NA
67206,NA
57981,NA
73201,NA
88207,NA
76595,NA
94917,NA
66515,NA
55800,NA
1786,NA
4228,NA
98414,NA
21820,NA
21276,NA
37101,NA
56009,NA
23287,NA
7373,NA
97765,NA
50120,NA
75100,NA
53377,NA
63254,NA
51386,NA
35925,NA
81074,NA
19076,NA
9259,NA
22004,NA
38356,NA
18683,NA
7203,NA
84899,NA
55297,NA
48816,NA
5033,NA
99558,NA
31284,NA
48751,NA
15847,NA
50728,NA
77457,NA
75225,NA
71207,NA
60668,NA
15804,NA
32305,NA
56377,NA
94361,NA
61050,NA
59359,NA
91505,NA
21602,NA
28879,NA
71061,NA
54015,NA
7744,NA
89338,NA
40294,NA
40424,NA
39465,NA
12700,NA
62447,NA
68164,NA
77216,NA
68610,NA
48011,NA
4840,NA
61584,NA
5953,NA
89529,NA
37900,NA
94501,NA
10582,NA
35129,NA
88836,NA
24230,NA
74793,NA
64755,NA
11305,NA
59802,NA
24422,NA
79253,NA
94346,NA
56690,NA
5381,NA
68920,NA
57003,NA
96812,NA
47563,NA
58485,NA
5276,NA
39735,NA
67654,NA
24288,NA
22919,NA
14259,NA
4697,NA
52486,NA
62326,NA
93187,NA
43977,NA
24325,NA
58407,NA
61834,NA
59006,NA
56518,NA
52629,NA
96965,NA
92890,NA
1812,NA
28703,NA
73857,NA
54875,NA
49008,NA
72607,NA
77486,NA
73200,NA
45059,NA
34884,NA
22979,NA
95252,NA
8429,NA
71538,NA
86679,NA
4581,NA
63462,NA
40700,NA
82274,NA
64176,NA
95964,NA
42177,NA
63943,NA
22805,NA
96974,NA
42733,NA
45967,NA
71945,NA
95839,NA
32129,NA
30639,NA
51501,NA
49052,NA
63049,NA
31611,NA
62960,NA
7937,NA
57474,NA
80047,NA
23977,NA
6420,NA
38773,NA
29764,NA
7240,NA
1454,NA
30125,NA
49916,NA
59443,NA
54772,NA
15369,NA
68657,NA
67282,NA
91352,NA
41103,NA
73086,NA
41931,NA
53550,NA
73370,NA
73049,NA
70733,NA
11186,NA
54961,NA
15525,NA
58217,NA
73837,NA
5494,NA
56289,NA
93303,NA
4204,NA
86528,NA
17448,NA
76764,NA
75895,NA
6266,NA
59960,NA
67886,NA
25713,NA
2576,NA
63395,NA
24191,NA
24593,NA
53075,NA
86034,NA
86536,NA
60590,NA
48906,NA
66375,NA
24308,NA
23012,NA
1599,NA
16630,NA
11249,NA
66167,NA
4322,NA
20370,NA
41532,NA
98753,NA
29256,NA
58237,NA
17130,NA
36387,NA
92104,NA
50532,NA
60759,NA
20822,NA
18519,NA
28324,NA
62309,NA
90059,NA
36960,NA
3421,NA
923,NA
24322,NA
86855,NA
78327,NA
22540,NA
13885,NA
54030,NA
36269,NA
69105,NA
44495,NA
56295,NA
39119,NA
75835,NA
25151,NA
51872,NA
60725,NA
45252,NA
70179,NA
88950,NA
69691,NA
42492,NA
64809,NA
38048,NA
91534,NA
91257,NA
17459,NA
78636,NA
51567,NA
19145,NA
78870,NA
43668,NA
50936,NA
22501,NA
52711,NA
98824,NA
11849,NA
41099,NA
11807,NA
43499,NA
50820,NA
68082,NA
52829,NA
76602,NA
92485,NA
34518,NA
75601,NA
39208,NA
56428,NA
45235,NA
82398,NA
72059,NA
88287,NA
51080,NA
47705,NA
51943,NA
7306,NA
65787,NA
77601,NA
67594,NA
52532,NA
65213,NA
74783,NA
26766,NA
39768,NA
68650,NA
15025,NA
77310,NA
37453,NA
43048,NA
8065,NA
22872,NA
97482,NA
50963,NA
37106,NA
32732,NA
8925,NA
55443,NA
11351,NA
1777,NA
33992,NA
57093,NA
1653,NA
91055,NA
31701,NA
64211,NA
57305,NA
25494,NA
83741,NA
31721,NA
64561,NA
9189,NA
3547,NA
85556,NA
98506,NA
76117,NA
18468,NA
6399,NA
4785,NA
35818,NA
78819,NA
44322,NA
89571,NA
50341,NA
94426,NA
96,NA
5724,NA
12199,NA
34696,NA
14258,NA
10981,NA
57537,NA
3478,NA
98290,NA
83604,NA
77370,NA
1687,NA
18682,NA
43168,NA
48149,NA
22789,NA
67209,NA
29549,NA
6580,NA
86695,NA
57032,NA
53453,NA
48762,NA
16522,NA
62940,NA
34884,NA
7190,NA
585,NA
67779,NA
1506,NA
54526,NA
63604,NA
56301,NA
9898,NA
58795,NA
30450,NA
21702,NA
65698,NA
22560,NA
57014,NA
85374,NA
69439,NA
301,NA
94614,NA
21914,NA
77711,NA
79863,NA
7855,NA
43775,NA
13025,NA
97259,NA
7887,NA
85330,NA
44339,NA
50019,NA
60913,NA
51153,NA
82828,NA
41454,NA
6405,NA
93302,NA
14805,NA
46538,NA
92710,NA
32559,NA
29505,NA
90108,NA
41299,NA
5745,NA
22196,NA
55968,NA
98169,NA
74147,NA
19454,NA
98547,NA
59524,NA
72763,NA
36782,NA
82606,NA
53121,NA
5696,NA
80912,NA
10531,NA
99297,NA
39579,NA
12078,NA
48721,NA
56078,NA
97807,NA
89759,NA
83264,NA
15006,NA
65231,NA
16222,NA
73844,NA
92213,NA
45209,NA
22470,NA
92691,NA
70484,NA
90979,NA
85199,NA
54769,NA
96172,NA
18416,NA
58828,NA
84364,NA
54838,NA
46169,NA
45941,NA
19199,NA
72963,NA
6247,NA
60006,NA
81547,NA
26427,NA
60350,NA
75691,NA
46619,NA
75919,NA
29712,NA
98734,NA
33028,NA
22978,NA
50171,NA
55239,NA
41356,NA
50493,NA
20770,NA
48565,NA
75635,NA
47097,NA
21365,NA
2925,NA
99360,NA
17763,NA
942,NA
26563,NA
96457,NA
96832,NA
27412,NA
85966,NA
57273,NA
90311,NA
25770,NA
67893,NA
86309,NA
1923,NA
48021,NA
3485,NA
95949,NA
79905,NA
8075,NA
74647,NA
4040,NA
79916,NA
82272,NA
45455,NA
1392,NA
22585,NA
93435,NA
76834,NA
94367,NA
15138,NA
47697,NA
4599,NA
32022,NA
60124,NA
40298,NA
50366,NA
55200,NA
78385,NA
88661,NA
2137,NA
91613,NA
55801,NA
25140,NA
43076,NA
71849,NA
93390,NA
90068,NA
71827,NA
51898,NA
89045,NA
27040,NA
23170,NA
71856,NA
56408,NA
25588,NA
9456,NA
88381,NA
10987,NA
70872,NA
69616,NA
68489,NA
15818,NA
81083,NA
48904,NA
83767,NA
54755,NA
71895,NA
36044,NA
19287,NA
26909,NA
52017,NA
61587,NA
41895,NA
60196,NA
62140,NA
15597,NA
96324,NA
51741,NA
28655,NA
18836,NA
86294,NA
54293,NA
53078,NA
55173,NA
15279,NA
26180,NA
18384,NA
96760,NA
17733,NA
45344,NA
51302,NA
11211,NA
79458,NA
1187,NA
87556,NA
81480,NA
15121,NA
91812,NA
53109,NA
27277,NA
49601,NA
11196,NA
25631,NA
43447,NA
26707,NA
56064,NA
96292,NA
54514,NA
85603,NA
423,NA
68644,NA
29815,NA
62301,NA
30405,NA
75387,NA
68022,NA
22084,NA
4356,NA
11783,NA
2436,NA
17700,NA
12968,NA
77900,NA
3449,NA
79434,NA
40621,NA
37912,NA
24466,NA
42036,NA
17631,NA
33863,NA
68876,NA
69898,NA
28311,NA
76295,NA
48714,NA
26213,NA
62588,NA
97967,NA
51523,NA
71324,NA
99078,NA
47559,NA
11128,NA
77131,NA
69487,NA
58807,NA
67842,NA
27083,NA
51165,NA
94783,NA
46030,NA
1376,NA
70087,NA
93916,NA
83019,NA
3230,NA
36498,NA
11962,NA
62990,NA
7559,NA
76075,NA
96827,NA
17944,NA
52252,NA
59622,NA
86217,NA
50977,NA
31348,NA
99027,NA
64893,NA
43645,NA
79799,NA
57972,NA
1354,NA
60948,NA
55729,NA
57775,NA
10694,NA
4810,NA
1034,NA
28337,NA
56125,NA
39317,NA
29878,NA
68874,NA
98620,NA
50464,NA
80457,NA
99036,NA
44146,NA
93519,NA
60824,NA
17170,NA
34727,NA
76867,NA
25771,NA
28062,NA
6354,NA
23156,NA
65540,NA
82357,NA
82530,NA
53875,NA
87208,NA
85043,NA
9089,NA
23110,NA
57295,NA
52630,NA
39165,NA
78956,NA
68354,NA
96298,NA
62537,NA
37880,NA
60519,NA
92053,NA
94495,NA
67714,NA
41923,NA
75331,NA
86346,NA
19926,NA
19172,NA
61564,NA
10372,NA
66234,NA
48040,NA
20448,NA
20309,NA
82390,NA
63004,NA
78316,NA
54014,NA
56705,NA
35008,NA
20974,NA
75084,NA
96568,NA
67339,NA
31082,NA
21790,NA
92813,NA
81629,NA
91236,NA
22900,NA
96334,NA
36411,NA
77180,NA
79481,NA
67537,NA
62595,NA
41915,NA
82116,NA
97754,NA
35083,NA
1168,NA
41104,NA
24837,NA
98812,NA
82629,NA
61050,NA
99088,NA
2252,NA
11364,NA
6554,NA
66316,NA
27789,NA
42208,NA
1702,NA
26573,NA
62868,NA
64227,NA
57035,NA
77087,NA
31002,NA
85609,NA
68711,NA
47789,NA
30659,NA
23398,NA
84317,NA
53414,NA
14260,NA
91610,NA
14009,NA
58915,NA
44106,NA
11660,NA
80395,NA
95858,NA
82761,NA
38146,NA
94536,NA
29199,NA
290,NA
28871,NA
24847,NA
16834,NA
42449,NA
63318,NA
23895,NA
61448,NA
97961,NA
34200,NA
17799,NA
51331,NA
41196,NA
4890,NA
32965,NA
21717,NA
80254,NA
41809,NA
90359,NA
28750,NA
2518,NA
75857,NA
32633,NA
3586,NA
93332,NA
81151,NA
56015,NA
29963,NA
53890,NA
2510,NA
51970,NA
92163,NA
87381,NA
59104,NA
11408,NA
49684,NA
95714,NA
64676,NA
41088,NA
30190,NA
28708,NA
6703,NA
69772,NA
99928,NA
46505,NA
25168,NA
27196,NA
6379,NA
96912,NA
95691,NA
76936,NA
37702,NA
61525,NA
27816,NA
36079,NA
58109,NA
78689,NA
2240,NA
54877,NA
75757,NA
84776,NA
28007,NA
13226,NA
37609,NA
61492,NA
96731,NA
41324,NA
80177,NA
56939,NA
69069,NA
94420,NA
97668,NA
81194,NA
79483,NA
72773,NA
91273,NA
18384,NA
35310,NA
34827,NA
5562,NA
72568,NA
95854,NA
67322,NA
72078,NA
98527,NA
75852,NA
90606,NA
49327,NA
55131,NA
71647,NA
71378,NA
55824,NA
71591,NA
10269,NA
6940,NA
12657,NA
85607,NA
90625,NA
6021,NA
43397,NA
94784,NA
6454,NA
39965,NA
1796,NA
44926,NA
36452,NA
707,NA
77445,NA
54272,NA
30558,NA
99432,NA
30392,NA
72343,NA
35393,NA
90457,NA
94506,NA
13218,NA
10030,NA
83879,NA
65929,NA
61243,NA
28624,NA
86285,NA
68177,NA
68860,NA
88679,NA
24488,NA
93694,NA
70290,NA
35801,NA
70404,NA
29295,NA
58254,NA
97295,NA
83041,NA
14763,NA
45953,NA
6491,NA
38208,NA
35949,NA
9279,NA
91599,NA
32833,NA
20525,NA
87524,NA
22441,NA
99670,NA
54136,NA
75438,NA
18572,NA
71035,NA
40254,NA
23623,NA
42127,NA
22522,NA
55391,NA
39959,NA
66680,NA
41800,NA
68170,NA
16840,NA
69035,NA
2704,NA
63243,NA
96684,NA
569,NA
81103,NA
98484,NA
98256,NA
32016,NA
82811,NA
90673,NA
61554,NA
730,NA
27301,NA
75243,NA
80051,NA
7734,NA
64905,NA
47993,NA
99922,NA
70074,NA
13336,NA
36282,NA
97361,NA
81163,NA
68783,NA
20937,NA
86529,NA
9177,NA
47029,NA
87861,NA
16996,NA
52977,NA
23256,NA
63645,NA
70611,NA
72479,NA
21516,NA
66481,NA
16895,NA
99933,NA
86356,NA
98218,NA
15203,NA
47710,NA
17017,NA
22760,NA
27893,NA
91044,NA
93109,NA
47974,NA
93220,NA
64288,NA
53503,NA
72473,NA
36412,NA
93343,NA
30144,NA
54424,NA
77066,NA
51482,NA
57180,NA
43506,NA
74030,NA
59667,NA
15823,NA
47189,NA
18022,NA
8491,NA
70889,NA
48719,NA
16175,NA
69169,NA
92856,NA
83774,NA
93661,NA
28117,NA
90768,NA
10091,NA
94520,NA
714,NA
70625,NA
75721,NA
35512,NA
47422,NA
12870,NA
54565,NA
7165,NA
12333,NA
12073,NA
360,NA
14507,NA
96494,NA
55635,NA
92142,NA
68703,NA
60433,NA
58347,NA
54161,NA
32077,NA
64077,NA
76795,NA
13878,NA
16357,NA
44199,NA
6996,NA
35463,NA
75556,NA
13286,NA
59230,NA
7925,NA
58174,NA
35158,NA
58083,NA
24345,NA
28460,NA
30660,NA
3845,NA
54861,NA
35163,NA
18276,NA
34983,NA
45922,NA
70713,NA
15784,NA
26644,NA
10688,NA
2839,NA
31950,NA
33439,NA
83990,NA
36830,NA
89649,NA
68575,NA
36799,NA
5800,NA
80893,NA
8138,NA
29477,NA
92900,NA
62910,NA
83313,NA
34353,NA
34615,NA
28420,NA
39120,NA
62274,NA
29820,NA
30554,NA
74720,NA
70740,NA
71060,NA
5918,NA
44698,NA
7026,NA
65458,NA
24083,NA
41359,NA
62356,NA
79654,NA
86788,NA
5178,NA
58084,NA
12752,NA
74691,NA
85296,NA
24867,NA
49473,NA
51427,NA
28634,NA
90364,NA
83102,NA
55691,NA
97487,NA
93795,NA
3761,NA
904,NA
46245,NA
89063,NA
80012,NA
70824,NA
27835,NA
48222,NA
5578,NA
35798,NA
61014,NA
49769,NA
8089,NA
38463,NA
2352,NA
91940,NA
37065,NA
38404,NA
49801,NA
88331,NA
30209,NA
6944,NA
31312,NA
33855,NA
3308,NA
94393,NA
94241,NA
11419,NA
11879,NA
50755,NA
85861,NA
24338,NA
33507,NA
13637,NA
67741,NA
61106,NA
92206,NA
1427,NA
45395,NA
58331,NA
48908,NA
66607,NA
42677,NA
31913,NA
58760,NA
54809,NA
88609,NA
52578,NA
53410,NA
75602,NA
11948,NA
4606,NA
21547,NA
62092,NA
65461,NA
59565,NA
57252,NA
50914,NA
2161,NA
35284,NA
37965,NA
9619,NA
73567,NA
94462,NA
27327,NA
29535,NA
76223,NA
39169,NA
29535,NA
24598,NA
52712,NA
91364,NA
6798,NA
19239,NA
60022,NA
46021,NA
66757,NA
15434,NA
83845,NA
67122,NA
44095,NA
20976,NA
3551,NA
32857,NA
55636,NA
30022,NA
43046,NA
74729,NA
81842,NA
52032,NA
18701,NA
39769,NA
59236,NA
89624,NA
32883,NA
8891,NA
91225,NA
3386,NA
97093,NA
30664,NA
84801,NA
93413,NA
6601,NA
24766,NA
76598,NA
22507,NA
11760,NA
40460,NA
87518,NA
829,NA
72060,NA
19898,NA
92254,NA
77551,NA
72522,NA
81582,NA
89381,NA
56240,NA
87945,NA
4829,NA
71396,NA
20732,NA
64499,NA
20475,NA
4753,NA
50841,NA
34042,NA
6175,NA
76338,NA
95635,NA
45566,NA
74014,NA
62235,NA
54688,NA
73113,NA
58817,NA
10034,NA
95450,NA
75940,NA
7414,NA
62961,NA
17081,NA
70453,NA
95712,NA
35316,NA
58323,NA
1011,NA
27779,NA
15189,NA
41282,NA
23226,NA
6492,NA
76049,NA
77896,NA
38951,NA
2022,NA
78151,NA
71961,NA
82804,NA
3556,NA
26708,NA
54510,NA
52390,NA
72197,NA
37770,NA
55187,NA
23869,NA
66252,NA
86939,NA
66773,NA
48665,NA
73938,NA
94516,NA
5529,NA
39481,NA
77498,NA
27362,NA
97692,NA
69983,NA
76773,NA
62785,NA
42518,NA
16461,NA
99273,NA
66279,NA
30667,NA
66529,NA
71303,NA
28642,NA
39723,NA
27229,NA
29118,NA
60151,NA
54292,NA
43837,NA
89415,NA
48697,NA
37713,NA
73137,NA
70914,NA
48321,NA
80787,NA
12265,NA
6171,NA
45475,NA
54982,NA
55793,NA
35994,NA
59656,NA
63740,NA
94288,NA
30108,NA
49466,NA
24769,NA
95708,NA
14636,NA
85822,NA
94307,NA
65587,NA
13587,NA
12967,NA
97887,NA
19084,NA
89425,NA
11664,NA
78259,NA
5049,NA
62673,NA
39622,NA
33565,NA
60256,NA
96894,NA
88138,NA
66953,NA
3375,NA
47965,NA
3589,NA
29151,NA
23039,NA
83291,NA
31590,NA
3691,NA
46514,NA
63402,NA
14215,NA
99558,NA
6427,NA
76481,NA
97096,NA
74711,NA
37222,NA
67157,NA
6179,NA
37697,NA
98410,NA
53180,NA
75004,NA
67933,NA
69926,NA
56956,NA
96564,NA
73410,NA
34668,NA
32277,NA
98646,NA
64690,NA
23253,NA
61326,NA
53721,NA
44603,NA
52355,NA
80999,NA
94943,NA
66608,NA
46776,NA
11040,NA
44816,NA
53426,NA
99276,NA
94482,NA
69163,NA
67725,NA
81678,NA
59979,NA
32623,NA
19920,NA
66399,NA
14431,NA
43312,NA
79417,NA
3215,NA
35138,NA
13758,NA
92007,NA
31083,NA
92538,NA
62198,NA
48630,NA
16670,NA
47316,NA
44581,NA
98551,NA
64419,NA
43328,NA
94765,NA
59929,NA
87004,NA
57814,NA
17987,NA
77260,NA
35505,NA
15431,NA
52016,NA
34792,NA
58912,NA
25005,NA
54900,NA
53595,NA
26403,NA
293,NA
70816,NA
76029,NA
35802,NA
33456,NA
63644,NA
24449,NA
37763,NA
54442,NA
47282,NA
28812,NA
4678,NA
84235,NA
30745,NA
443,NA
79516,NA
69361,NA
92617,NA
94163,NA
29682,NA
58591,NA
31370,NA
97127,NA
1691,NA
43408,NA
23024,NA
70706,NA
64706,NA
93632,NA
59532,NA
88248,NA
39185,NA
5929,NA
37012,NA
52778,NA
37768,NA
94882,NA
91691,NA
12724,NA
26262,NA
70920,NA
28187,NA
24796,NA
66687,NA
89451,NA
87319,NA
71911,NA
95936,NA
3724,NA
71580,NA
35240,NA
68970,NA
35673,NA
32525,NA
86182,NA
8741,NA
26674,NA
70674,NA
60075,NA
10061,NA
63454,NA
47146,NA
47044,NA
2664,NA
71019,NA
23637,NA
60663,NA
76,NA
23774,NA
34060,NA
20030,NA
63628,NA
64266,NA
62689,NA
53266,NA
80564,NA
99114,NA
93542,NA
49132,NA
6482,NA
88285,NA
61772,NA
23680,NA
72337,NA
85308,NA
56002,NA
8126,NA
62168,NA
14093,NA
93806,NA
41812,NA
55746,NA
88736,NA
35331,NA
71371,NA
39976,NA
73354,NA
43796,NA
3492,NA
59929,NA
63346,NA
38363,NA
59020,NA
59642,NA
76856,NA
54633,NA
83190,NA
22254,NA
43535,NA
45001,NA
23488,NA
34597,NA
31640,NA
78788,NA
19508,NA
2675,NA
7730,NA
45149,NA
55329,NA
1643,NA
71691,NA
24790,NA
83100,NA
52338,NA
85559,NA
91034,NA
81170,NA
91961,NA
55251,NA
62691,NA
34576,NA
16313,NA
79643,NA
26319,NA
85845,NA
99511,NA
95691,NA
50120,NA
97074,NA
50115,NA
72015,NA
76165,NA
15017,NA
14003,NA
27456,NA
96038,NA
8540,NA
32284,NA
87155,NA
74612,NA
81503,NA
51629,NA
47575,NA
68686,NA
28162,NA
34065,NA
8108,NA
64921,NA
71634,NA
38186,NA
70338,NA
45816,NA
95765,NA
6740,NA
94816,NA
24846,NA
66225,NA
63311,NA
46486,NA
68805,NA
48148,NA
74223,NA
29765,NA
45139,NA
85193,NA
62032,NA
51019,NA
72761,NA
71236,NA
63457,NA
78882,NA
71503,NA
32993,NA
75003,NA
85756,NA
13937,NA
12465,NA
56917,NA
17715,NA
9730,NA
97574,NA
75403,NA
22921,NA
5684,NA
26597,NA
53507,NA
53091,NA
4708,NA
50083,NA
41948,NA
3088,NA
23527,NA
61137,NA
10076,NA
47711,NA
82589,NA
89856,NA
72237,NA
33584,NA
64194,NA
10619,NA
33782,NA
42055,NA
60349,NA
40559,NA
46197,NA
41815,NA
16532,NA
13017,NA
995,NA
12933,NA
24817,NA
87734,NA
60987,NA
33163,NA
29823,NA
19225,NA
4373,NA
87510,NA
84173,NA
64778,NA
70451,NA
14292,NA
94167,NA
56037,NA
933,NA
79906,NA
96000,NA
5748,NA
66978,NA
46642,NA
70336,NA
46527,NA
99996,NA
13891,NA
11855,NA
95822,NA
21032,NA
67852,NA
27699,NA
24038,NA
68749,NA
4159,NA
7662,NA
80805,NA
65243,NA
70049,NA
19193,NA
92045,NA
42,NA
51109,NA
18586,NA
61910,NA
51390,NA
6196,NA
43312,NA
73117,NA
3417,NA
27205,NA
15824,NA
30703,NA
28120,NA
84770,NA
27490,NA
74887,NA
21381,NA
3057,NA
82818,NA
8751,NA
20636,NA
19073,NA
43203,NA
76952,NA
80250,NA
9107,NA
97781,NA
86510,NA
27518,NA
38876,NA
63623,NA
19618,NA
82670,NA
75804,NA
26954,NA
58083,NA
79311,NA
16735,NA
1134,NA
58662,NA
71276,NA
99858,NA
87442,NA
77926,NA
32127,NA
92668,NA
87378,NA
5794,NA
19772,NA
3429,NA
97825,NA
23400,NA
73952,NA
30397,NA
16988,NA
77275,NA
47461,NA
74004,NA
65487,NA
31606,NA
71988,NA
3555,NA
83354,NA
21257,NA
93584,NA
54467,NA
31799,NA
37127,NA
40850,NA
87692,NA
19589,NA
86370,NA
71506,NA
66437,NA
84589,NA
15249,NA
22076,NA
56878,NA
38097,NA
91965,NA
10109,NA
44230,NA
5039,NA
24008,NA
97834,NA
47925,NA
93949,NA
61808,NA
8019,NA
57339,NA
54272,NA
19591,NA
24470,NA
46423,NA
89051,NA
77369,NA
37944,NA
561,NA
44465,NA
57432,NA
27682,NA
22348,NA
79266,NA
74264,NA
77584,NA
4418,NA
13208,NA
26060,NA
28382,NA
64745,NA
38657,NA
33640,NA
38123,NA
18512,NA
62908,NA
85093,NA
7741,NA
26843,NA
15783,NA
10151,NA
61459,NA
12646,NA
23100,NA
44821,NA
22803,NA
26286,NA
90473,NA
60930,NA
90521,NA
45322,NA
59250,NA
28674,NA
96353,NA
35205,NA
42046,NA
11158,NA
32024,NA
38043,NA
36759,NA
19657,NA
39373,NA
78520,NA
45040,NA
76331,NA
67593,NA
65266,NA
32394,NA
75189,NA
58172,NA
95762,NA
17138,NA
57033,NA
75160,NA
91913,NA
2285,NA
62141,NA
28812,NA
6181,NA
90785,NA
50629,NA
4844,NA
4628,NA
12474,NA
14401,NA
3414,NA
96360,NA
95176,NA
28203,NA
25970,NA
56908,NA
6931,NA
56668,NA
62016,NA
92023,NA
65969,NA
91160,NA
408,NA
87679,NA
91019,NA
33859,NA
51981,NA
94201,NA
30885,NA
36994,NA
4609,NA
26882,NA
91640,NA
18794,NA
46689,NA
31814,NA
71424,NA
4352,NA
20074,NA
94374,NA
33129,NA
90795,NA
25839,NA
92013,NA
32749,NA
19488,NA
34261,NA
78826,NA
37584,NA
60775,NA
58105,NA
86607,NA
21916,NA
31888,NA
38766,NA
67535,NA
85262,NA
44280,NA
4787,NA
5552,NA
19222,NA
54187,NA
82996,NA
1654,NA
27915,NA
73647,NA
19909,NA
41912,NA
58774,NA
23784,NA
59626,NA
78918,NA
64020,NA
22637,NA
1076,NA
6333,NA
37443,NA
48655,NA
27470,NA
91809,NA
27840,NA
7246,NA
54529,NA
63802,NA
85817,NA
96261,NA
46262,NA
79935,NA
31331,NA
41481,NA
50353,NA
8383,NA
55602,NA
46621,NA
48796,NA
49092,NA
77873,NA
19255,NA
35023,NA
76635,NA
7950,NA
99456,NA
75310,NA
68901,NA
5895,NA
82273,NA
83138,NA
20034,NA
2112,NA
26766,NA
1406,NA
24611,NA
44955,NA
44689,NA
95031,NA
67817,NA
41609,NA
15928,NA
80475,NA
83124,NA
79733,NA
75475,NA
60250,NA
53309,NA
82437,NA
99541,NA
11965,NA
8714,NA
334,NA
73693,NA
60440,NA
51961,NA
34847,NA
47439,NA
65373,NA
5908,NA
82512,NA
68287,NA
25916,NA
70242,NA
51626,NA
11987,NA
50705,NA
13058,NA
79158,NA
96617,NA
69095,NA
54126,NA
47189,NA
81252,NA
74513,NA
62685,NA
4047,NA
71268,NA
77527,NA
93899,NA
80091,NA
40630,NA
60684,NA
74363,NA
26750,NA
20422,NA
14656,NA
46400,NA
55079,NA
67468,NA
7595,NA
41288,NA
80737,NA
60211,NA
94519,NA
21687,NA
32610,NA
97827,NA
53996,NA
66360,NA
34985,NA
11177,NA
14161,NA
80412,NA
88859,NA
16079,NA
973,NA
11409,NA
67752,NA
23358,NA
36988,NA
4930,NA
7063,NA
53905,NA
94590,NA
21791,NA
7172,NA
73878,NA
76782,NA
80173,NA
44919,NA
69263,NA
31407,NA
99606,NA
63087,NA
65379,NA
11382,NA
34946,NA
37925,NA
88149,NA
82136,NA
14540,NA
66584,NA
88910,NA
46847,NA
26010,NA
37577,NA
36950,NA
50718,NA
31211,NA
96364,NA
27599,NA
34674,NA
26399,NA
4355,NA
36370,NA
89269,NA
51387,NA
81808,NA
37809,NA
77657,NA
49106,NA
54851,NA
67150,NA
86513,NA
91176,NA
49928,NA
54593,NA
99092,NA
78248,NA
45705,NA
65184,NA
61629,NA
5991,NA
76301,NA
79386,NA
89555,NA
94460,NA
82853,NA
46344,NA
50759,NA
92022,NA
95301,NA
97250,NA
3935,NA
28926,NA
37924,NA
29419,NA
65308,NA
87758,NA
81374,NA
65003,NA
18429,NA
27487,NA
776,NA
1253,NA
50521,NA
3441,NA
56738,NA
68163,NA
23490,NA
31167,NA
59367,NA
15056,NA
47011,NA
22009,NA
31782,NA
39208,NA
89365,NA
54473,NA
26924,NA
53189,NA
57851,NA
60102,NA
50032,NA
29979,NA
49740,NA
55943,NA
13750,NA
39241,NA
97039,NA
47887,NA
32313,NA
3419,NA
32493,NA
7058,NA
38494,NA
6852,NA
52476,NA
88563,NA
81911,NA
51855,NA
98661,NA
90281,NA
19068,NA
23123,NA
57723,NA
52217,NA
68732,NA
3,NA
61078,NA
59080,NA
38770,NA
28741,NA
47946,NA
28141,NA
12149,NA
53747,NA
16466,NA
64208,NA
13881,NA
53718,NA
13232,NA
83962,NA
31265,NA
61625,NA
56284,NA
35708,NA
68214,NA
53004,NA
88544,NA
48524,NA
63695,NA
10051,NA
48899,NA
38375,NA
28880,NA
11236,NA
48908,NA
23832,NA
39178,NA
89375,NA
29848,NA
96255,NA
16578,NA
79200,NA
13200,NA
11866,NA
9642,NA
41291,NA
33773,NA
53203,NA
35239,NA
50843,NA
66750,NA
79911,NA
4654,NA
50893,NA
42851,NA
83951,NA
98743,NA
73806,NA
6311,NA
21678,NA
15754,NA
61140,NA
23484,NA
33081,NA
43194,NA
37406,NA
84128,NA
24226,NA
48635,NA
72531,NA
55667,NA
43640,NA
13982,NA
5756,NA
34668,NA
66931,NA
29935,NA
20850,NA
64751,NA
80471,NA
94837,NA
34896,NA
70412,NA
59455,NA
61284,NA
76821,NA
60282,NA
95378,NA
4901,NA
42113,NA
47300,NA
50743,NA
32088,NA
39390,NA
67130,NA
8225,NA
49094,NA
89844,NA
15023,NA
37158,NA
85577,NA
70232,NA
9752,NA
42148,NA
71784,NA
98528,NA
42658,NA
74419,NA
6576,NA
59453,NA
46601,NA
92254,NA
49470,NA
5841,NA
99569,NA
23701,NA
35597,NA
1978,NA
34497,NA
2441,NA
26405,NA
20476,NA
77711,NA
3963,NA
82863,NA
30479,NA
1158,NA
26692,NA
20570,NA
57403,NA
23835,NA
26046,NA
24038,NA
38343,NA
99336,NA
81082,NA
79186,NA
83471,NA
8369,NA
29652,NA
8969,NA
36743,NA
84423,NA
27786,NA
64262,NA
30088,NA
88599,NA
45857,NA
44639,NA
88599,NA
57517,NA
69759,NA
73698,NA
33983,NA
1981,NA
22668,NA
55454,NA
24816,NA
66542,NA
97201,NA
53030,NA
35002,NA
26032,NA
9897,NA
46413,NA
48131,NA
620,NA
45072,NA
57711,NA
67956,NA
14501,NA
31560,NA
48329,NA
31770,NA
90503,NA
2995,NA
52870,NA
59336,NA
21127,NA
48327,NA
28318,NA
34728,NA
91198,NA
31475,NA
66766,NA
97633,NA
55435,NA
51545,NA
11877,NA
40285,NA
53358,NA
59290,NA
50784,NA
68234,NA
70214,NA
73434,NA
96454,NA
92267,NA
65833,NA
85578,NA
70860,NA
67216,NA
2754,NA
59904,NA
43032,NA
28183,NA
43985,NA
35761,NA
87428,NA
27776,NA
35108,NA
83328,NA
62671,NA
62785,NA
53111,NA
27282,NA
2324,NA
81377,NA
61820,NA
24223,NA
44800,NA
75360,NA
2831,NA
97342,NA
44410,NA
52083,NA
92032,NA
72589,NA
7188,NA
87408,NA
28363,NA
51236,NA
4110,NA
64299,NA
26102,NA
63286,NA
86273,NA
93067,NA
15063,NA
1011,NA
18243,NA
52884,NA
63635,NA
51915,NA
1179,NA
59072,NA
83639,NA
15569,NA
20864,NA
77149,NA
50267,NA
94526,NA
47341,NA
98056,NA
17482,NA
44274,NA
62698,NA
13412,NA
59213,NA
26343,NA
91881,NA
7177,NA
13589,NA
53179,NA
93499,NA
42083,NA
21634,NA
36239,NA
46898,NA
26768,NA
11759,NA
5038,NA
44820,NA
73444,NA
32734,NA
5880,NA
82086,NA
72079,NA
35908,NA
92040,NA
78934,NA
90331,NA
69227,NA
88197,NA
70314,NA
36129,NA
54700,NA
71975,NA
28198,NA
69341,NA
92014,NA
18362,NA
90532,NA
80700,NA
95197,NA
73951,NA
46419,NA
10532,NA
32355,NA
99735,NA
24689,NA
16573,NA
86227,NA
40151,NA
89113,NA
16350,NA
71445,NA
12480,NA
92700,NA
72284,NA
39605,NA
3796,NA
58122,NA
31572,NA
13120,NA
41851,NA
48652,NA
64619,NA
21568,NA
95782,NA
4252,NA
52952,NA
74778,NA
89775,NA
51755,NA
8726,NA
14190,NA
20452,NA
19407,NA
67073,NA
61532,NA
51341,NA
10113,NA
62670,NA
37992,NA
57670,NA
73670,NA
57492,NA
47090,NA
99028,NA
51133,NA
74822,NA
94494,NA
25300,NA
76238,NA
22934,NA
51216,NA
96552,NA
20850,NA
21620,NA
18582,NA
99449,NA
14299,NA
61334,NA
64013,NA
89399,NA
46546,NA
27359,NA
17525,NA
70024,NA
69340,NA
63822,NA
50419,NA
25838,NA
48937,NA
18966,NA
50245,NA
88473,NA
36539,NA
4326,NA
19253,NA
14677,NA
2858,NA
15264,NA
34746,NA
37369,NA
35811,NA
152,NA
79035,NA
6480,NA
44980,NA
56020,NA
46036,NA
24628,NA
99175,NA
87476,NA
94848,NA
1532,NA
79940,NA
69900,NA
55669,NA
55638,NA
97224,NA
46713,NA
24501,NA
46344,NA
27633,NA
32024,NA
79586,NA
89901,NA
44148,NA
2749,NA
77808,NA
53440,NA
69874,NA
7029,NA
8886,NA
25643,NA
41101,NA
5863,NA
57455,NA
99627,NA
93943,NA
63810,NA
71630,NA
20338,NA
39872,NA
66956,NA
17100,NA
68195,NA
1095,NA
34582,NA
39559,NA
735,NA
11009,NA
15459,NA
52769,NA
42368,NA
49657,NA
58302,NA
84381,NA
25338,NA
94136,NA
54120,NA
11071,NA
1250,NA
47552,NA
93292,NA
11657,NA
50203,NA
40722,NA
31778,NA
49610,NA
81715,NA
44170,NA
25275,NA
58345,NA
22613,NA
97670,NA
30634,NA
19296,NA
34441,NA
99164,NA
72974,NA
67332,NA
21550,NA
99167,NA
88072,NA
60139,NA
63169,NA
86077,NA
4117,NA
99821,NA
88673,NA
7268,NA
7193,NA
75551,NA
76240,NA
75324,NA
67453,NA
29774,NA
33670,NA
67095,NA
57824,NA
56791,NA
2691,NA
42331,NA
75502,NA
50006,NA
57478,NA
60001,NA
75917,NA
35378,NA
61660,NA
3745,NA
76488,NA
15992,NA
32279,NA
45284,NA
40240,NA
1957,NA
39411,NA
26926,NA
47583,NA
92419,NA
79739,NA
62737,NA
85147,NA
14418,NA
46269,NA
44038,NA
50475,NA
28523,NA
26546,NA
3091,NA
8961,NA
23616,NA
89982,NA
42123,NA
13324,NA
79429,NA
17231,NA
23755,NA
38156,NA
68760,NA
40279,NA
31068,NA
34074,NA
7935,NA
87072,NA
5875,NA
79256,NA
3063,NA
71014,NA
23636,NA
84320,NA
83367,NA
98792,NA
99698,NA
22982,NA
16654,NA
55921,NA
81878,NA
1352,NA
74247,NA
38303,NA
48559,NA
77660,NA
66195,NA
54855,NA
14353,NA
10027,NA
5571,NA
26463,NA
9855,NA
99979,NA
92929,NA
80,NA
7710,NA
69032,NA
63012,NA
11740,NA
56983,NA
41375,NA
93451,NA
96320,NA
4816,NA
98627,NA
81147,NA
78806,NA
50517,NA
36174,NA
43546,NA
744,NA
47397,NA
8902,NA
56706,NA
20858,NA
28397,NA
33562,NA
36383,NA
18465,NA
98655,NA
40978,NA
75600,NA
56681,NA
54402,NA
98108,NA
15928,NA
37416,NA
83209,NA
17606,NA
67347,NA
95120,NA
74396,NA
34347,NA
29279,NA
72002,NA
55580,NA
27459,NA
5985,NA
5343,NA
27716,NA
10565,NA
37912,NA
4257,NA
17053,NA
22081,NA
68829,NA
60410,NA
97323,NA
21260,NA
22321,NA
16710,NA
99200,NA
67502,NA
62176,NA
3916,NA
79878,NA
18195,NA
87710,NA
12214,NA
30894,NA
82836,NA
11607,NA
92413,NA
96041,NA
91805,NA
41930,NA
93832,NA
9118,NA
44375,NA
58008,NA
27503,NA
15550,NA
70074,NA
5356,NA
86818,NA
30455,NA
19908,NA
11921,NA
4504,NA
32463,NA
52784,NA
68058,NA
44538,NA
27085,NA
18589,NA
55640,NA
76670,NA
92092,NA
63874,NA
71086,NA
60461,NA
42347,NA
87696,NA
43823,NA
97728,NA
98983,NA
50764,NA
53063,NA
701,NA
99817,NA
11709,NA
34210,NA
29325,NA
13199,NA
32382,NA
58162,NA
31698,NA
28045,NA
37901,NA
45770,NA
11085,NA
83108,NA
86393,NA
74503,NA
93969,NA
33322,NA
79152,NA
68517,NA
80725,NA
73558,NA
17166,NA
81077,NA
52432,NA
30422,NA
98001,NA
96574,NA
8633,NA
36529,NA
92603,NA
8188,NA
54950,NA
923,NA
90017,NA
50432,NA
40173,NA
37472,NA
69519,NA
7557,NA
53554,NA
63367,NA
90288,NA
83429,NA
93684,NA
36290,NA
12657,NA
82137,NA
37276,NA
79067,NA
94128,NA
57229,NA
24471,NA
65139,NA
31812,NA
16968,NA
11566,NA
8485,NA
19112,NA
39332,NA
44939,NA
49666,NA
1208,NA
23669,NA
93689,NA
22532,NA
94574,NA
99540,NA
50574,NA
14911,NA
16998,NA
79661,NA
95790,NA
71330,NA
50294,NA
3161,NA
22843,NA
28395,NA
68353,NA
87852,NA
28443,NA
84434,NA
27918,NA
20275,NA
35893,NA
16915,NA
31865,NA
99481,NA
88156,NA
28410,NA
15058,NA
36930,NA
44326,NA
76136,NA
49871,NA
97513,NA
65031,NA
80635,NA
24711,NA
67869,NA
51291,NA
3246,NA
77225,NA
79605,NA
7260,NA
9255,NA
16644,NA
38654,NA
68024,NA
62693,NA
36814,NA
91102,NA
23404,NA
41140,NA
88497,NA
34215,NA
9418,NA
66720,NA
28514,NA
83939,NA
18608,NA
63121,NA
6224,NA
53642,NA
50994,NA
38907,NA
66399,NA
52935,NA
55743,NA
74498,NA
67974,NA
2262,NA
70071,NA
76866,NA
66535,NA
68963,NA
87191,NA
85215,NA
12861,NA
62741,NA
31262,NA
24127,NA
80734,NA
95135,NA
23787,NA
25707,NA
84791,NA
38176,NA
84388,NA
47287,NA
22227,NA
4324,NA
53535,NA
9581,NA
16831,NA
36684,NA
11045,NA
75711,NA
26987,NA
89174,NA
54383,NA
26357,NA
14274,NA
75298,NA
45012,NA
80831,NA
66855,NA
32972,NA
52494,NA
36902,NA
19760,NA
18359,NA
19145,NA
1810,NA
66228,NA
44377,NA
69493,NA
51977,NA
18963,NA
65474,NA
43871,NA
7356,NA
92239,NA
40410,NA
3732,NA
1399,NA
69653,NA
66214,NA
63110,NA
84451,NA
10817,NA
8536,NA
21252,NA
15422,NA
48073,NA
52301,NA
7874,NA
3104,NA
12107,NA
52276,NA
65191,NA
45382,NA
70951,NA
92893,NA
4636,NA
5657,NA
6474,NA
897,NA
31280,NA
98742,NA
10564,NA
21,NA
1709,NA
33015,NA
98683,NA
97538,NA
72317,NA
77793,NA
13355,NA
74546,NA
63399,NA
26404,NA
64557,NA
82146,NA
75491,NA
12999,NA
11062,NA
36924,NA
34564,NA
32847,NA
21223,NA
97895,NA
15746,NA
15188,NA
48746,NA
12650,NA
1315,NA
88656,NA
40968,NA
83094,NA
46268,NA
7265,NA
22699,NA
33953,NA
95644,NA
99849,NA
85705,NA
74680,NA
64548,NA
98835,NA
96318,NA
12991,NA
15678,NA
97007,NA
83080,NA
27834,NA
4489,NA
21246,NA
63760,NA
53080,NA
21024,NA
363,NA
46065,NA
79769,NA
69359,NA
45160,NA
14990,NA
34592,NA
53754,NA
24555,NA
83386,NA
25521,NA
45032,NA
52039,NA
64023,NA
19306,NA
16255,NA
16589,NA
26930,NA
16281,NA
97375,NA
53161,NA
73442,NA
37555,NA
98744,NA
2741,NA
694,NA
79905,NA
19734,NA
14073,NA
67872,NA
28470,NA
6530,NA
21803,NA
65412,NA
26232,NA
87334,NA
17091,NA
71097,NA
11312,NA
244,NA
14822,NA
21018,NA
2465,NA
79045,NA
94043,NA
7993,NA
86368,NA
36959,NA
53925,NA
56679,NA
72685,NA
46314,NA
29663,NA
77890,NA
43898,NA
12392,NA
29367,NA
62591,NA
29421,NA
28,NA
95713,NA
53745,NA
71597,NA
6458,NA
29357,NA
82751,NA
34643,NA
35301,NA
59590,NA
84893,NA
34810,NA
37298,NA
86393,NA
4271,NA
52226,NA
89957,NA
36184,NA
19784,NA
66792,NA
17799,NA
79296,NA
461,NA
18280,NA
48878,NA
66655,NA
40287,NA
76317,NA
41618,NA
85745,NA
10382,NA
73914,NA
39769,NA
54295,NA
1357,NA
38026,NA
55137,NA
52956,NA
88947,NA
63143,NA
96843,NA
43368,NA
97742,NA
71447,NA
58261,NA
79356,NA
82340,NA
69415,NA
74524,NA
28730,NA
80023,NA
51234,NA
67147,NA
36064,NA
42060,NA
99908,NA
38146,NA
6013,NA
49937,NA
73411,NA
20272,NA
5251,NA
21978,NA
67947,NA
99410,NA
27952,NA
77095,NA
88459,NA
67821,NA
61936,NA
93326,NA
86217,NA
98593,NA
85063,NA
32222,NA
18054,NA
31698,NA
24204,NA
74814,NA
75722,NA
13022,NA
78226,NA
89449,NA
95803,NA
4759,NA
22260,NA
37421,NA
5753,NA
54345,NA
32635,NA
36921,NA
58529,NA
23967,NA
29960,NA
15810,NA
67083,NA
4076,NA
82381,NA
61498,NA
43674,NA
23179,NA
23773,NA
68334,NA
29882,NA
212,NA
26494,NA
44058,NA
20837,NA
70634,NA
14771,NA
27032,NA
11784,NA
63835,NA
46614,NA
48633,NA
11121,NA
31438,NA
25074,NA
95515,NA
33170,NA
99639,NA
37551,NA
1871,NA
30588,NA
55134,NA
72706,NA
35628,NA
4723,NA
78756,NA
39556,NA
13975,NA
4540,NA
42753,NA
13004,NA
56716,NA
56808,NA
65933,NA
69676,NA
74190,NA
53956,NA
33102,NA
11405,NA
13500,NA
93740,NA
13407,NA
58612,NA
33595,NA
75777,NA
79001,NA
37102,NA
11427,NA
87393,NA
74097,NA
83100,NA
69898,NA
43360,NA
19432,NA
14089,NA
95688,NA
56509,NA
80489,NA
71434,NA
60250,NA
87021,NA
9117,NA
42754,NA
25516,NA
85443,NA
798,NA
7102,NA
73859,NA
20722,NA
53727,NA
58126,NA
77278,NA
5616,NA
64293,NA
35,NA
54249,NA
60456,NA
25202,NA
51463,NA
8837,NA
76225,NA
67129,NA
50319,NA
46243,NA
51680,NA
69427,NA
22807,NA
28682,NA
71126,NA
3618,NA
40910,NA
51735,NA
32541,NA
58558,NA
19009,NA
28661,NA
81282,NA
31158,NA
74054,NA
83234,NA
17755,NA
64675,NA
94948,NA
20986,NA
27138,NA
12589,NA
78566,NA
71605,NA
93964,NA
83936,NA
29362,NA
80342,NA
3216,NA
496,NA
33038,NA
43292,NA
87056,NA
41394,NA
28589,NA
94000,NA
24875,NA
34660,NA
732,NA
97052,NA
54699,NA
20724,NA
66467,NA
87786,NA
59233,NA
66915,NA
93052,NA
37572,NA
64982,NA
35055,NA
57635,NA
92963,NA
11981,NA
1609,NA
88122,NA
73844,NA
29388,NA
56618,NA
41357,NA
24707,NA
52307,NA
16719,NA
80778,NA
46948,NA
55290,NA
63974,NA
24267,NA
89945,NA
59707,NA
11815,NA
71777,NA
57679,NA
95851,NA
97852,NA
78950,NA
31888,NA
16866,NA
36773,NA
84528,NA
88242,NA
40262,NA
29812,NA
43875,NA
19514,NA
475,NA
20506,NA
21523,NA
43090,NA
28537,NA
13104,NA
12079,NA
81788,NA
20877,NA
70316,NA
44497,NA
65609,NA
16485,NA
20843,NA
19044,NA
78639,NA
48730,NA
58355,NA
81139,NA
30366,NA
16583,NA
99711,NA
53992,NA
36651,NA
18870,NA
55643,NA
30396,NA
5138,NA
76969,NA
14561,NA
54408,NA
61354,NA
87910,NA
60513,NA
54953,NA
87527,NA
38416,NA
16634,NA
90226,NA
24299,NA
6571,NA
74065,NA
34089,NA
4168,NA
91595,NA
88931,NA
63359,NA
91337,NA
92336,NA
16289,NA
80494,NA
45781,NA
9716,NA
97853,NA
88684,NA
91124,NA
76669,NA
40302,NA
39506,NA
84980,NA
400,NA
73651,NA
44039,NA
81967,NA
87064,NA
21935,NA
11066,NA
1947,NA
75046,NA
25767,NA
10280,NA
19830,NA
2183,NA
59422,NA
33972,NA
36470,NA
32798,NA
30794,NA
85989,NA
47281,NA
18419,NA
41810,NA
77880,NA
99156,NA
49858,NA
22923,NA
3089,NA
37470,NA
61065,NA
2854,NA
77266,NA
5537,NA
62647,NA
24022,NA
62263,NA
29962,NA
21963,NA
97322,NA
67250,NA
67781,NA
12354,NA
966,NA
87364,NA
49667,NA
95303,NA
45349,NA
96614,NA
88821,NA
21549,NA
33390,NA
95619,NA
56658,NA
92993,NA
1211,NA
83636,NA
35990,NA
92538,NA
43401,NA
79925,NA
34517,NA
69143,NA
7874,NA
34294,NA
18758,NA
33388,NA
3412,NA
58817,NA
25524,NA
90529,NA
98279,NA
75952,NA
88531,NA
31011,NA
75185,NA
71821,NA
42641,NA
5107,NA
75723,NA
68596,NA
79608,NA
45209,NA
26816,NA
12864,NA
36397,NA
70026,NA
18693,NA
2454,NA
86927,NA
86870,NA
53774,NA
58773,NA
1480,NA
91422,NA
77714,NA
62810,NA
12726,NA
10156,NA
49814,NA
20034,NA
60639,NA
42546,NA
50686,NA
37382,NA
83815,NA
75168,NA
92101,NA
33154,NA
21875,NA
52666,NA
71948,NA
74607,NA
19474,NA
15242,NA
19696,NA
20767,NA
62083,NA
14842,NA
51682,NA
38108,NA
5889,NA
59661,NA
67845,NA
91718,NA
15033,NA
41443,NA
22763,NA
20464,NA
46455,NA
88420,NA
96543,NA
42362,NA
50605,NA
56363,NA
42858,NA
16612,NA
13080,NA
10194,NA
87408,NA
40598,NA
2067,NA
27419,NA
87995,NA
90899,NA
20055,NA
90240,NA
16914,NA
85074,NA
77947,NA
13960,NA
75924,NA
19238,NA
36721,NA
67584,NA
75422,NA
69622,NA
77293,NA
62287,NA
29229,NA
22822,NA
12205,NA
74642,NA
73787,NA
18297,NA
24074,NA
95456,NA
21602,NA
8748,NA
81494,NA
17258,NA
67259,NA
5715,NA
53244,NA
90514,NA
24850,NA
42534,NA
36019,NA
54566,NA
11761,NA
80535,NA
91096,NA
84583,NA
7547,NA
76634,NA
19478,NA
16199,NA
96411,NA
91909,NA
5041,NA
22292,NA
76585,NA
50914,NA
13518,NA
70731,NA
62352,NA
84653,NA
38640,NA
88786,NA
58169,NA
90721,NA
12601,NA
80425,NA
21994,NA
35684,NA
48274,NA
74145,NA
75586,NA
60950,NA
4618,NA
84851,NA
41024,NA
79862,NA
68261,NA
95731,NA
16419,NA
9880,NA
431,NA
516,NA
14433,NA
15417,NA
84467,NA
1827,NA
42644,NA
55252,NA
36335,NA
21317,NA
58329,NA
93516,NA
33811,NA
48941,NA
83515,NA
15863,NA
43981,NA
17655,NA
77217,NA
85380,NA
67451,NA
58905,NA
18516,NA
63502,NA
62118,NA
23625,NA
75885,NA
94292,NA
66281,NA
27574,NA
49612,NA
71828,NA
95433,NA
33794,NA
79275,NA
5301,NA
82095,NA
95616,NA
97255,NA
83742,NA
33818,NA
84719,NA
54385,NA
1510,NA
76581,NA
93612,NA
49295,NA
4990,NA
93065,NA
1257,NA
83400,NA
454,NA
44523,NA
50331,NA
85428,NA
26182,NA
91213,NA
79841,NA
88187,NA
32446,NA
37523,NA
16413,NA
37882,NA
61032,NA
75327,NA
17991,NA
8279,NA
42891,NA
98917,NA
80775,NA
64863,NA
90197,NA
22560,NA
87283,NA
19015,NA
19773,NA
63325,NA
15296,NA
99552,NA
72907,NA
64481,NA
5900,NA
7966,NA
7765,NA
66965,NA
75388,NA
33103,NA
75137,NA
22311,NA
91425,NA
93205,NA
46620,NA
99805,NA
2245,NA
13781,NA
97344,NA
52077,NA
82500,NA
49748,NA
42694,NA
84941,NA
42947,NA
62942,NA
54551,NA
78633,NA
57336,NA
4881,NA
74953,NA
78903,NA
60573,NA
76478,NA
74412,NA
41979,NA
80447,NA
6454,NA
98629,NA
22815,NA
68858,NA
26429,NA
43337,NA
40138,NA
77663,NA
3203,NA
82255,NA
76058,NA
22127,NA
52462,NA
97581,NA
36592,NA
21118,NA
62557,NA
80375,NA
15067,NA
73429,NA
53006,NA
33759,NA
19333,NA
8364,NA
53367,NA
96091,NA
63629,NA
99289,NA
81837,NA
36465,NA
78197,NA
68037,NA
11449,NA
89036,NA
48712,NA
64563,NA
60476,NA
83948,NA
68248,NA
82199,NA
79640,NA
5788,NA
57053,NA
20996,NA
17245,NA
38657,NA
27154,NA
67636,NA
22020,NA
63326,NA
82749,NA
38208,NA
46221,NA
83974,NA
48614,NA
46814,NA
96315,NA
3383,NA
99372,NA
46928,NA
50547,NA
73588,NA
26276,NA
70507,NA
24827,NA
88237,NA
70777,NA
45849,NA
71121,NA
52639,NA
76291,NA
84117,NA
85345,NA
70763,NA
79536,NA
55537,NA
10000,NA
27567,NA
25175,NA
99670,NA
69305,NA
53207,NA
42603,NA
59974,NA
94504,NA
30093,NA
14668,NA
12712,NA
47309,NA
11533,NA
4693,NA
99547,NA
14400,NA
21234,NA
93872,NA
49533,NA
12876,NA
24395,NA
41363,NA
74251,NA
94527,NA
99680,NA
30637,NA
94200,NA
1302,NA
60424,NA
60322,NA
68397,NA
22538,NA
49608,NA
24961,NA
90604,NA
4215,NA
81440,NA
16850,NA
81466,NA
40318,NA
75971,NA
86104,NA
1223,NA
9536,NA
61261,NA
61976,NA
98892,NA
41826,NA
73667,NA
41910,NA
60059,NA
85696,NA
55337,NA
26273,NA
78364,NA
55005,NA
31987,NA
74907,NA
69626,NA
87071,NA
33192,NA
23522,NA
48502,NA
453,NA
83006,NA
55783,NA
52857,NA
47455,NA
61018,NA
30064,NA
37026,NA
74298,NA
8143,NA
34149,NA
34670,NA
45208,NA
51994,NA
25010,NA
46998,NA
81593,NA
75410,NA
55975,NA
11603,NA
86070,NA
13143,NA
85709,NA
12337,NA
44428,NA
44282,NA
29575,NA
79073,NA
30974,NA
17771,NA
46775,NA
58691,NA
21126,NA
73356,NA
18163,NA
90775,NA
64508,NA
19511,NA
17872,NA
61352,NA
20050,NA
7206,NA
33975,NA
84790,NA
79285,NA
34468,NA
80099,NA
55350,NA
39435,NA
12912,NA
20617,NA
7116,NA
35040,NA
11893,NA
70952,NA
6344,NA
48120,NA
19254,NA
60839,NA
53241,NA
80980,NA
84768,NA
8622,NA
13347,NA
12899,NA
77902,NA
47378,NA
59201,NA
60169,NA
45676,NA
667,NA
7108,NA
19138,NA
718,NA
26090,NA
90608,NA
93096,NA
11649,NA
7640,NA
41696,NA
88197,NA
16938,NA
51891,NA
25871,NA
19926,NA
93336,NA
7169,NA
3953,NA
57148,NA
94193,NA
86107,NA
7922,NA
23156,NA
63275,NA
29302,NA
99382,NA
32672,NA
71839,NA
21415,NA
87468,NA
27628,NA
58686,NA
86423,NA
72035,NA
32627,NA
47393,NA
19336,NA
4432,NA
31616,NA
28127,NA
7369,NA
84796,NA
76063,NA
9653,NA
86750,NA
24964,NA
58402,NA
60411,NA
52072,NA
56217,NA
73919,NA
11815,NA
36458,NA
90524,NA
75740,NA
68457,NA
86984,NA
61885,NA
6700,NA
19235,NA
7954,NA
73142,NA
94502,NA
84208,NA
93705,NA
39098,NA
15574,NA
97385,NA
96111,NA
21048,NA
46349,NA
50125,NA
56454,NA
11762,NA
87454,NA
56614,NA
97811,NA
76452,NA
42275,NA
49429,NA
95194,NA
97193,NA
67247,NA
21276,NA
21935,NA
29517,NA
18381,NA
5271,NA
18613,NA
29019,NA
47054,NA
98138,NA
9521,NA
50164,NA
70162,NA
98073,NA
95360,NA
94359,NA
14574,NA
160,NA
23550,NA
18816,NA
22435,NA
51009,NA
1784,NA
31932,NA
25815,NA
63721,NA
18782,NA
14946,NA
82655,NA
78889,NA
74485,NA
49926,NA
29665,NA
86348,NA
3174,NA
45472,NA
39630,NA
95160,NA
70447,NA
50831,NA
49497,NA
55362,NA
25850,NA
93819,NA
90149,NA
81954,NA
75600,NA
11552,NA
85966,NA
77838,NA
86537,NA
85656,NA
75151,NA
92208,NA
11787,NA
28068,NA
28603,NA
6480,NA
73822,NA
3117,NA
75069,NA
6520,NA
6474,NA
92407,NA
96673,NA
1449,NA
54238,NA
88398,NA
16306,NA
13961,NA
96838,NA
14114,NA
63845,NA
12075,NA
66317,NA
99934,NA
63234,NA
68017,NA
7649,NA
3043,NA
19267,NA
40091,NA
60295,NA
94973,NA
97347,NA
91245,NA
99102,NA
59281,NA
69269,NA
5468,NA
41436,NA
77754,NA
78941,NA
12064,NA
75731,NA
4668,NA
39235,NA
91008,NA
97441,NA
57332,NA
74928,NA
40047,NA
20951,NA
35123,NA
1195,NA
38209,NA
15266,NA
43250,NA
5481,NA
92287,NA
22612,NA
88421,NA
96843,NA
19581,NA
18684,NA
85781,NA
14617,NA
69366,NA
42851,NA
74009,NA
89841,NA
37880,NA
48373,NA
33016,NA
65553,NA
41073,NA
96702,NA
25633,NA
99436,NA
14692,NA
39405,NA
30268,NA
76757,NA
35969,NA
63229,NA
35624,NA
39278,NA
8178,NA
86859,NA
19596,NA
50190,NA
88862,NA
86029,NA
26519,NA
80092,NA
33266,NA
69739,NA
99441,NA
88115,NA
87350,NA
22497,NA
64376,NA
2431,NA
15545,NA
53531,NA
68584,NA
30620,NA
5870,NA
97756,NA
42174,NA
26541,NA
43039,NA
13502,NA
38758,NA
90631,NA
91004,NA
66214,NA
40763,NA
76405,NA
14539,NA
96542,NA
74143,NA
96107,NA
91136,NA
92464,NA
63087,NA
78697,NA
4047,NA
74952,NA
93248,NA
505,NA
93244,NA
30855,NA
64976,NA
83740,NA
16105,NA
28763,NA
62389,NA
10938,NA
6495,NA
33651,NA
57134,NA
77872,NA
68725,NA
67182,NA
1429,NA
59413,NA
86331,NA
99637,NA
86279,NA
49874,NA
67510,NA
59156,NA
42444,NA
18124,NA
63918,NA
91913,NA
39278,NA
4604,NA
48302,NA
15506,NA
23760,NA
728,NA
2715,NA
6815,NA
92151,NA
43228,NA
45415,NA
39526,NA
98290,NA
16467,NA
81575,NA
46578,NA
90363,NA
29358,NA
90466,NA
87880,NA
86677,NA
77601,NA
52625,NA
83290,NA
15308,NA
35552,NA
9138,NA
44781,NA
20958,NA
342,NA
6461,NA
22834,NA
83895,NA
15269,NA
80824,NA
77094,NA
40714,NA
97855,NA
77611,NA
73329,NA
63057,NA
42966,NA
27162,NA
99530,NA
60402,NA
38732,NA
42139,NA
76656,NA
94100,NA
57150,NA
1362,NA
49095,NA
89613,NA
4400,NA
5735,NA
63113,NA
53305,NA
40571,NA
32817,NA
59090,NA
51481,NA
148,NA
74625,NA
8547,NA
28220,NA
57240,NA
43723,NA
7679,NA
48851,NA
27068,NA
34183,NA
4423,NA
76308,NA
22366,NA
40415,NA
13236,NA
69538,NA
74461,NA
17193,NA
32756,NA
37273,NA
88971,NA
83792,NA
4601,NA
73531,NA
63891,NA
94314,NA
46369,NA
53005,NA
33221,NA
62873,NA
34459,NA
55834,NA
16769,NA
3466,NA
4685,NA
43098,NA
33516,NA
41383,NA
80970,NA
2849,NA
86194,NA
88272,NA
76184,NA
63077,NA
88273,NA
14362,NA
23564,NA
9707,NA
43788,NA
88399,NA
54498,NA
15987,NA
15576,NA
36498,NA
67410,NA
78111,NA
19529,NA
59241,NA
8648,NA
43253,NA
53861,NA
39919,NA
52877,NA
28612,NA
27449,NA
55249,NA
93936,NA
6007,NA
65672,NA
29919,NA
73363,NA
79878,NA
80935,NA
57328,NA
83585,NA
8936,NA
45726,NA
7335,NA
91605,NA
18800,NA
71372,NA
56836,NA
98690,NA
4702,NA
10890,NA
29,NA
92004,NA
34167,NA
14910,NA
90737,NA
56484,NA
45304,NA
39525,NA
73605,NA
67140,NA
7130,NA
89987,NA
19461,NA
85646,NA
46518,NA
67646,NA
78974,NA
29099,NA
76979,NA
59329,NA
54081,NA
65031,NA
16382,NA
36334,NA
2461,NA
99289,NA
28495,NA
18893,NA
20492,NA
1402,NA
59602,NA
89044,NA
82143,NA
45538,NA
1384,NA
69428,NA
60937,NA
82102,NA
34159,NA
77622,NA
95300,NA
15733,NA
66824,NA
8990,NA
623,NA
41254,NA
39923,NA
80191,NA
89166,NA
93359,NA
2355,NA
44280,NA
3731,NA
86229,NA
54820,NA
29227,NA
26230,NA
82101,NA
84662,NA
74648,NA
95775,NA
88388,NA
98722,NA
80315,NA
57018,NA
84215,NA
37811,NA
35305,NA
28797,NA
8392,NA
5278,NA
26225,NA
20015,NA
50526,NA
62647,NA
7355,NA
51635,NA
73872,NA
96634,NA
15215,NA
81486,NA
22808,NA
43311,NA
42401,NA
80764,NA
75482,NA
87760,NA
36764,NA
52804,NA
84666,NA
73390,NA
79781,NA
69038,NA
81495,NA
75840,NA
22188,NA
73358,NA
291,NA
69508,NA
76512,NA
89046,NA
649,NA
90422,NA
12086,NA
45375,NA
76064,NA
18984,NA
61945,NA
91092,NA
97731,NA
90581,NA
82291,NA
92161,NA
77629,NA
25915,NA
56914,NA
38646,NA
50466,NA
65417,NA
31455,NA
73730,NA
36652,NA
72416,NA
70170,NA
66168,NA
59580,NA
58679,NA
12461,NA
48780,NA
13108,NA
15472,NA
26066,NA
32906,NA
95348,NA
3813,NA
64744,NA
46631,NA
44108,NA
16027,NA
87578,NA
52110,NA
32081,NA
55530,NA
45127,NA
99170,NA
3592,NA
50311,NA
68732,NA
5859,NA
83049,NA
57599,NA
8389,NA
31636,NA
96255,NA
15235,NA
86070,NA
50319,NA
95477,NA
40565,NA
20700,NA
77275,NA
91763,NA
19142,NA
34053,NA
63273,NA
60777,NA
2585,NA
42720,NA
4915,NA
85422,NA
63940,NA
61381,NA
49078,NA
46663,NA
9599,NA
89535,NA
45431,NA
4722,NA
6401,NA
849,NA
89484,NA
83494,NA
99158,NA
85844,NA
40476,NA
67001,NA
32943,NA
26559,NA
98319,NA
95969,NA
88337,NA
7293,NA
62597,NA
38630,NA
58275,NA
39353,NA
32773,NA
5511,NA
93956,NA
55472,NA
18998,NA
63871,NA
1514,NA
26612,NA
3060,NA
83414,NA
25196,NA
92628,NA
16084,NA
13523,NA
97430,NA
91762,NA
98260,NA
16765,NA
99411,NA
58768,NA
45617,NA
76809,NA
76635,NA
10151,NA
59682,NA
20450,NA
4894,NA
63293,NA
32037,NA
39830,NA
60262,NA
51164,NA
62733,NA
19222,NA
71162,NA
8682,NA
35365,NA
20917,NA
25510,NA
9935,NA
29808,NA
6598,NA
37252,NA
51068,NA
53184,NA
788,NA
52615,NA
28002,NA
18056,NA
59216,NA
36999,NA
76211,NA
4884,NA
93033,NA
33405,NA
87619,NA
64768,NA
716,NA
26289,NA
27112,NA
93288,NA
29837,NA
60332,NA
56596,NA
75426,NA
15144,NA
50617,NA
43113,NA
56625,NA
88818,NA
55454,NA
1522,NA
73967,NA
8327,NA
69274,NA
33370,NA
92260,NA
37213,NA
24988,NA
74308,NA
53538,NA
58562,NA
78943,NA
27411,NA
70180,NA
56253,NA
98347,NA
70060,NA
56672,NA
56171,NA
95928,NA
58227,NA
65880,NA
95733,NA
56376,NA
62129,NA
52813,NA
5416,NA
36001,NA
6667,NA
26467,NA
78602,NA
8561,NA
79465,NA
61363,NA
95156,NA
69134,NA
95870,NA
62798,NA
55534,NA
33448,NA
10447,NA
27799,NA
2226,NA
16880,NA
63216,NA
7365,NA
26547,NA
4492,NA
47460,NA
79582,NA
28125,NA
13349,NA
65363,NA
55614,NA
52697,NA
24417,NA
46215,NA
1202,NA
27581,NA
26317,NA
87735,NA
90232,NA
66084,NA
60349,NA
3028,NA
11186,NA
2442,NA
85518,NA
8945,NA
44787,NA
3673,NA
4795,NA
6741,NA
43151,NA
72402,NA
85788,NA
23823,NA
30994,NA
63488,NA
18929,NA
19865,NA
58944,NA
34125,NA
6493,NA
86998,NA
32368,NA
56600,NA
66646,NA
17479,NA
59789,NA
95340,NA
77452,NA
47904,NA
96017,NA
78961,NA
69468,NA
11873,NA
71453,NA
92687,NA
59499,NA
89923,NA
4210,NA
80347,NA
18480,NA
80567,NA
23314,NA
14753,NA
72361,NA
62105,NA
56254,NA
90851,NA
5916,NA
34420,NA
31388,NA
25815,NA
28143,NA
74537,NA
13800,NA
27913,NA
66013,NA
81091,NA
90441,NA
45991,NA
48011,NA
22297,NA
77378,NA
9307,NA
90832,NA
90083,NA
98682,NA
82589,NA
26432,NA
94992,NA
47198,NA
91547,NA
52928,NA
70413,NA
67442,NA
14216,NA
68467,NA
95310,NA
89982,NA
88135,NA
68872,NA
6256,NA
73119,NA
28530,NA
43079,NA
9279,NA
56981,NA
19371,NA
27683,NA
90784,NA
5531,NA
4835,NA
32614,NA
17012,NA
64121,NA
98978,NA
27826,NA
19251,NA
23559,NA
1831,NA
65253,NA
75210,NA
72175,NA
9308,NA
61,NA
59650,NA
18058,NA
4861,NA
13375,NA
48525,NA
15667,NA
29298,NA
22980,NA
46123,NA
63035,NA
16996,NA
45277,NA
5572,NA
85198,NA
43286,NA
80940,NA
52527,NA
51562,NA
85291,NA
45445,NA
41696,NA
56022,NA
6646,NA
60209,NA
68462,NA
77504,NA
68003,NA
6976,NA
23820,NA
5520,NA
94055,NA
41407,NA
8886,NA
36198,NA
63362,NA
86091,NA
35522,NA
14882,NA
92651,NA
13722,NA
93302,NA
69353,NA
73936,NA
19533,NA
11630,NA
17570,NA
61932,NA
28394,NA
86709,NA
45018,NA
52426,NA
29590,NA
22586,NA
61828,NA
73430,NA
37223,NA
74319,NA
59145,NA
41624,NA
34562,NA
34125,NA
31760,NA
38133,NA
37099,NA
92536,NA
52294,NA
99775,NA
46495,NA
98346,NA
92553,NA
11525,NA
70480,NA
68914,NA
75954,NA
70945,NA
29338,NA
71180,NA
99138,NA
9053,NA
70648,NA
54220,NA
56130,NA
43210,NA
933,NA
17502,NA
50569,NA
9078,NA
67413,NA
26358,NA
66246,NA
9438,NA
72952,NA
72589,NA
54343,NA
49608,NA
91399,NA
21486,NA
55352,NA
7334,NA
73205,NA
64163,NA
39047,NA
9510,NA
17357,NA
62964,NA
50243,NA
75290,NA
36513,NA
40261,NA
87921,NA
98937,NA
63508,NA
38839,NA
63588,NA
49083,NA
39541,NA
52119,NA
85477,NA
38038,NA
61276,NA
66336,NA
89734,NA
13829,NA
24720,NA
14096,NA
68056,NA
63242,NA
97185,NA
7985,NA
86816,NA
72681,NA
40662,NA
7059,NA
54575,NA
75559,NA
1296,NA
71788,NA
19700,NA
98416,NA
68780,NA
186,NA
13463,NA
44314,NA
18995,NA
77361,NA
93551,NA
36978,NA
94560,NA
69359,NA
20724,NA
14666,NA
98337,NA
128,NA
81430,NA
89614,NA
44923,NA
34611,NA
24927,NA
7288,NA
39116,NA
34672,NA
94090,NA
70627,NA
2580,NA
72751,NA
79342,NA
75706,NA
83894,NA
43898,NA
97320,NA
48900,NA
15415,NA
88370,NA
99003,NA
77869,NA
24400,NA
91039,NA
27239,NA
63478,NA
19466,NA
60204,NA
461,NA
97408,NA
45984,NA
46274,NA
10281,NA
38215,NA
27731,NA
48141,NA
28343,NA
22151,NA
9969,NA
3663,NA
42267,NA
44399,NA
97811,NA
38840,NA
88022,NA
98457,NA
32137,NA
95527,NA
87930,NA
65004,NA
18791,NA
20777,NA
83726,NA
20014,NA
64810,NA
8495,NA
94845,NA
7530,NA
61693,NA
24626,NA
8843,NA
5831,NA
33064,NA
79705,NA
41462,NA
79452,NA
70987,NA
75965,NA
20967,NA
34405,NA
4613,NA
26349,NA
50487,NA
65241,NA
64574,NA
3475,NA
25922,NA
61993,NA
50494,NA
31366,NA
9809,NA
1209,NA
82302,NA
80695,NA
24016,NA
42178,NA
26827,NA
19409,NA
28406,NA
16284,NA
96034,NA
77627,NA
45527,NA
95703,NA
83671,NA
23315,NA
13083,NA
73135,NA
13697,NA
1488,NA
80846,NA
52696,NA
52448,NA
59678,NA
51228,NA
54511,NA
74676,NA
33741,NA
83239,NA
84450,NA
95054,NA
99869,NA
542,NA
51008,NA
49968,NA
90046,NA
24748,NA
65458,NA
35985,NA
67751,NA
29060,NA
29839,NA
55174,NA
94226,NA
63223,NA
75100,NA
2496,NA
78044,NA
79183,NA
18277,NA
14660,NA
84577,NA
31443,NA
54055,NA
74032,NA
37817,NA
85952,NA
86134,NA
88321,NA
41889,NA
68777,NA
44415,NA
8824,NA
57581,NA
53093,NA
84834,NA
60929,NA
68531,NA
84081,NA
20429,NA
21318,NA
98046,NA
42714,NA
5010,NA
38958,NA
31878,NA
47198,NA
40473,NA
48125,NA
26712,NA
92688,NA
85093,NA
53004,NA
43364,NA
39894,NA
1956,NA
3297,NA
24696,NA
65929,NA
36609,NA
27271,NA
46755,NA
49717,NA
44979,NA
10408,NA
13612,NA
21797,NA
95751,NA
19816,NA
24646,NA
2030,NA
11028,NA
27509,NA
22483,NA
53114,NA
16135,NA
39906,NA
50063,NA
49689,NA
9548,NA
51193,NA
27217,NA
27867,NA
43274,NA
87129,NA
88956,NA
79956,NA
17331,NA
92002,NA
73985,NA
53035,NA
69276,NA
80744,NA
37436,NA
52968,NA
11496,NA
48694,NA
3241,NA
98933,NA
30480,NA
16993,NA
56109,NA
62141,NA
92744,NA
4066,NA
53592,NA
3468,NA
83148,NA
13109,NA
1704,NA
90899,NA
77471,NA
41686,NA
84546,NA
87778,NA
36344,NA
385,NA
6040,NA
45057,NA
1135,NA
66869,NA
59053,NA
56495,NA
52126,NA
65234,NA
97796,NA
84624,NA
34176,NA
8418,NA
12914,NA
30657,NA
77888,NA
50969,NA
82386,NA
43997,NA
61114,NA
79826,NA
38816,NA
85479,NA
969,NA
67991,NA
94160,NA
44353,NA
51100,NA
86257,NA
41991,NA
3430,NA
25577,NA
59946,NA
77457,NA
18390,NA
11350,NA
31417,NA
5660,NA
37176,NA
47839,NA
90077,NA
43854,NA
81863,NA
93616,NA
71345,NA
88170,NA
57945,NA
48191,NA
85772,NA
83131,NA
17136,NA
95973,NA
1941,NA
2839,NA
78725,NA
46389,NA
83883,NA
15996,NA
37112,NA
55428,NA
43769,NA
92453,NA
86643,NA
59134,NA
45800,NA
36990,NA
75868,NA
42163,NA
81672,NA
53554,NA
58925,NA
24465,NA
77999,NA
36930,NA
65777,NA
65449,NA
30618,NA
50786,NA
51331,NA
72416,NA
18630,NA
2731,NA
70048,NA
78939,NA
52962,NA
59086,NA
24504,NA
65707,NA
440,NA
11254,NA
94155,NA
27554,NA
66830,NA
93196,NA
12985,NA
95572,NA
23857,NA
45417,NA
60949,NA
27132,NA
80072,NA
5644,NA
84519,NA
93048,NA
82605,NA
110,NA
3678,NA
60175,NA
30120,NA
52234,NA
33887,NA
43997,NA
89861,NA
49672,NA
96721,NA
65679,NA
80266,NA
7916,NA
63519,NA
72919,NA
5719,NA
7889,NA
84025,NA
90255,NA
31954,NA
18427,NA
24357,NA
90517,NA
97090,NA
37910,NA
46865,NA
56637,NA
56908,NA
26354,NA
73299,NA
12774,NA
13722,NA
85886,NA
13439,NA
98734,NA
22654,NA
77196,NA
44902,NA
17972,NA
84611,NA
3244,NA
71373,NA
96259,NA
8505,NA
37646,NA
54840,NA
20734,NA
43515,NA
33073,NA
6773,NA
62657,NA
42221,NA
44200,NA
25185,NA
60186,NA
64408,NA
72871,NA
51830,NA
56988,NA
38741,NA
46841,NA
12467,NA
58267,NA
3869,NA
75452,NA
58166,NA
43551,NA
33732,NA
74101,NA
94913,NA
45007,NA
33617,NA
4718,NA
95101,NA
31604,NA
84244,NA
55554,NA
43164,NA
39061,NA
36727,NA
22086,NA
81139,NA
3655,NA
96952,NA
29723,NA
28216,NA
86811,NA
54853,NA
98467,NA
20988,NA
55798,NA
2776,NA
38543,NA
92828,NA
14857,NA
51243,NA
27751,NA
55687,NA
73048,NA
37034,NA
64699,NA
59546,NA
58680,NA
91881,NA
74511,NA
88644,NA
79466,NA
64604,NA
60402,NA
62093,NA
8468,NA
9923,NA
5556,NA
40104,NA
60619,NA
53179,NA
90921,NA
39641,NA
27975,NA
42971,NA
42354,NA
22016,NA
55630,NA
73999,NA
21040,NA
96405,NA
67249,NA
33140,NA
60271,NA
66285,NA
48546,NA
82127,NA
34938,NA
88316,NA
57745,NA
39868,NA
88076,NA
42655,NA
40977,NA
26081,NA
72431,NA
19453,NA
97952,NA
90581,NA
84926,NA
99437,NA
89754,NA
14062,NA
75323,NA
97927,NA
72034,NA
94311,NA
18225,NA
2743,NA
96498,NA
39134,NA
45228,NA
46985,NA
27242,NA
11818,NA
86883,NA
98270,NA
23926,NA
474,NA
55815,NA
49552,NA
49978,NA
60535,NA
53867,NA
29840,NA
54214,NA
52385,NA
44300,NA
8839,NA
91361,NA
61210,NA
1827,NA
40838,NA
25309,NA
55826,NA
43913,NA
41531,NA
74518,NA
83103,NA
83713,NA
99594,NA
75331,NA
51380,NA
54823,NA
82498,NA
64344,NA
43410,NA
16184,NA
32686,NA
78946,NA
2357,NA
2076,NA
20060,NA
93837,NA
93648,NA
64812,NA
3413,NA
42232,NA
18634,NA
10759,NA
83834,NA
34553,NA
41763,NA
63655,NA
19337,NA
95154,NA
6242,NA
82728,NA
12030,NA
86027,NA
35901,NA
81616,NA
96738,NA
13261,NA
69019,NA
30423,NA
43635,NA
22895,NA
3067,NA
22892,NA
14328,NA
89864,NA
47647,NA
46747,NA
50668,NA
14872,NA
70607,NA
31814,NA
96023,NA
65568,NA
87992,NA
88803,NA
50381,NA
88213,NA
90747,NA
51538,NA
84445,NA
40187,NA
26093,NA
96712,NA
49162,NA
38433,NA
90596,NA
1991,NA
86159,NA
84053,NA
92406,NA
2747,NA
19048,NA
8886,NA
77029,NA
74525,NA
62207,NA
14319,NA
78129,NA
19460,NA
18206,NA
55274,NA
2054,NA
76225,NA
69158,NA
71482,NA
91369,NA
65360,NA
76598,NA
43267,NA
29583,NA
41669,NA
24139,NA
64242,NA
58439,NA
75103,NA
70438,NA
54742,NA
63156,NA
18740,NA
68468,NA
65078,NA
3928,NA
69181,NA
48821,NA
64727,NA
8243,NA
34038,NA
62128,NA
80890,NA
56201,NA
94602,NA
52521,NA
16678,NA
91055,NA
27448,NA
79504,NA
88269,NA
13792,NA
76033,NA
55491,NA
20907,NA
1546,NA
38515,NA
72142,NA
35853,NA
45770,NA
41620,NA
10999,NA
27083,NA
46524,NA
44470,NA
33940,NA
54127,NA
64387,NA
6971,NA
54594,NA
68011,NA
24837,NA
50486,NA
22092,NA
31443,NA
19996,NA
65556,NA
98464,NA
30144,NA
67354,NA
68931,NA
32298,NA
42903,NA
27063,NA
51737,NA
47546,NA
89975,NA
39227,NA
13453,NA
15676,NA
86379,NA
4165,NA
71816,NA
43407,NA
49392,NA
50692,NA
33779,NA
97244,NA
